	21.0	22.0	23.0	24.0	25.0	26.0	27.0	28.0	29.0	30.0	31.0	32.0	33.0	34.0	35.0	36.0	37.0
GM100_trimmed_clipped_R1_paired	37.0	17.0	11.0	783.0	2046.0	1501.0	4135.0	10437.0	27239.0	60849.0	124406.0	208047.0	331870.0	525868.0	1065809.0	4305263.0	353326.0
	19.0	20.0	21.0	22.0	23.0	24.0	25.0	26.0	27.0	28.0	29.0	30.0	31.0	32.0	33.0	34.0	35.0	36.0	37.0
GM100_trimmed_clipped_R2_paired	1.0	6.0	513.0	266.0	196.0	7589.0	13738.0	10124.0	18946.0	28116.0	48722.0	80321.0	150944.0	250179.0	438762.0	786336.0	1693200.0	3342255.0	151430.0
	21.0	22.0	23.0	24.0	25.0	26.0	27.0	28.0	29.0	30.0	31.0	32.0	33.0	34.0	35.0	36.0	37.0
GM101_trimmed_clipped_R1_paired	32.0	29.0	4.0	640.0	1880.0	1305.0	3772.0	9335.0	24963.0	55632.0	112687.0	190011.0	304630.0	484231.0	979741.0	4270063.0	366100.0
	20.0	21.0	22.0	23.0	24.0	25.0	26.0	27.0	28.0	29.0	30.0	31.0	32.0	33.0	34.0	35.0	36.0	37.0
GM101_trimmed_clipped_R2_paired	8.0	278.0	161.0	117.0	4745.0	8197.0	6786.0	12754.0	19612.0	34992.0	59158.0	112978.0	189694.0	334248.0	616347.0	1471686.0	3754303.0	178991.0
	21.0	22.0	23.0	24.0	25.0	26.0	27.0	28.0	29.0	30.0	31.0	32.0	33.0	34.0	35.0	36.0	37.0
GM102_trimmed_clipped_R1_paired	46.0	20.0	7.0	935.0	2885.0	1898.0	5557.0	13073.0	33683.0	73745.0	152216.0	261989.0	435519.0	739453.0	1634507.0	5977239.0	396585.0
	20.0	21.0	22.0	23.0	24.0	25.0	26.0	27.0	28.0	29.0	30.0	31.0	32.0	33.0	34.0	35.0	36.0	37.0
GM102_trimmed_clipped_R2_paired	2.0	465.0	261.0	222.0	8206.0	15090.0	12674.0	24260.0	38528.0	70359.0	120224.0	235323.0	416924.0	763669.0	1369759.0	2638131.0	3863630.0	151630.0
	21.0	22.0	23.0	24.0	25.0	26.0	27.0	28.0	29.0	30.0	31.0	32.0	33.0	34.0	35.0	36.0	37.0
GM103_trimmed_clipped_R1_paired	21.0	19.0	7.0	723.0	1988.0	1472.0	4111.0	9754.0	25694.0	55467.0	112960.0	187837.0	300312.0	476881.0	966455.0	4165095.0	363650.0
	20.0	21.0	22.0	23.0	24.0	25.0	26.0	27.0	28.0	29.0	30.0	31.0	32.0	33.0	34.0	35.0	36.0	37.0
GM103_trimmed_clipped_R2_paired	1.0	298.0	146.0	160.0	5278.0	9136.0	8292.0	16039.0	24894.0	45783.0	77267.0	149470.0	256444.0	461573.0	839731.0	1771606.0	2896934.0	109394.0
	20.0	21.0	22.0	23.0	24.0	25.0	26.0	27.0	28.0	29.0	30.0	31.0	32.0	33.0	34.0	35.0	36.0	37.0
GM104_trimmed_clipped_R1_paired	3.0	45.0	13.0	11.0	946.0	2607.0	1871.0	5274.0	12765.0	34051.0	75246.0	153763.0	255359.0	405653.0	644205.0	1304299.0	5540302.0	483822.0
	20.0	21.0	22.0	23.0	24.0	25.0	26.0	27.0	28.0	29.0	30.0	31.0	32.0	33.0	34.0	35.0	36.0	37.0
GM104_trimmed_clipped_R2_paired	6.0	472.0	237.0	213.0	7486.0	13011.0	10653.0	19940.0	31074.0	55082.0	91845.0	175321.0	294256.0	518663.0	939743.0	2078409.0	4469314.0	214510.0
	21.0	22.0	23.0	24.0	25.0	26.0	27.0	28.0	29.0	30.0	31.0	32.0	33.0	34.0	35.0	36.0	37.0
GM105_trimmed_clipped_R1_paired	22.0	24.0	4.0	599.0	1731.0	1149.0	3287.0	8149.0	22353.0	50786.0	105729.0	179438.0	288488.0	459338.0	924856.0	4120778.0	374629.0
	20.0	21.0	22.0	23.0	24.0	25.0	26.0	27.0	28.0	29.0	30.0	31.0	32.0	33.0	34.0	35.0	36.0	37.0
GM105_trimmed_clipped_R2_paired	1.0	253.0	130.0	89.0	3852.0	6961.0	5679.0	10712.0	17452.0	32018.0	55688.0	109097.0	188904.0	340464.0	634271.0	1501710.0	3489363.0	144716.0
	21.0	22.0	23.0	24.0	25.0	26.0	27.0	28.0	29.0	30.0	31.0	32.0	33.0	34.0	35.0	36.0	37.0
GM106_trimmed_clipped_R1_paired	41.0	21.0	13.0	935.0	2745.0	1784.0	5265.0	12823.0	33392.0	72961.0	147797.0	249021.0	401157.0	655598.0	1372078.0	6139929.0	569063.0
	20.0	21.0	22.0	23.0	24.0	25.0	26.0	27.0	28.0	29.0	30.0	31.0	32.0	33.0	34.0	35.0	36.0	37.0
GM106_trimmed_clipped_R2_paired	5.0	491.0	265.0	198.0	7813.0	14616.0	12231.0	22377.0	34517.0	61383.0	101536.0	192110.0	327285.0	587003.0	1072521.0	2336187.0	4695385.0	198700.0
	20.0	21.0	22.0	23.0	24.0	25.0	26.0	27.0	28.0	29.0	30.0	31.0	32.0	33.0	34.0	35.0	36.0	37.0
GM107_trimmed_clipped_R1_paired	1.0	39.0	22.0	11.0	903.0	2771.0	1918.0	5284.0	13127.0	35279.0	79819.0	164165.0	278884.0	450768.0	723223.0	1489952.0	5922031.0	458977.0
	20.0	21.0	22.0	23.0	24.0	25.0	26.0	27.0	28.0	29.0	30.0	31.0	32.0	33.0	34.0	35.0	36.0	37.0
GM107_trimmed_clipped_R2_paired	7.0	651.0	381.0	311.0	10115.0	18067.0	14108.0	26075.0	39549.0	70445.0	115731.0	219348.0	368461.0	648866.0	1167654.0	2455430.0	4296096.0	175879.0
	21.0	22.0	23.0	24.0	25.0	26.0	27.0	28.0	29.0	30.0	31.0	32.0	33.0	34.0	35.0	36.0	37.0
GM108_trimmed_clipped_R1_paired	40.0	21.0	18.0	878.0	2512.0	1789.0	5148.0	12329.0	32390.0	69418.0	140132.0	233963.0	370148.0	587704.0	1192691.0	4835382.0	399621.0
	20.0	21.0	22.0	23.0	24.0	25.0	26.0	27.0	28.0	29.0	30.0	31.0	32.0	33.0	34.0	35.0	36.0	37.0
GM108_trimmed_clipped_R2_paired	4.0	434.0	268.0	192.0	7664.0	13160.0	10819.0	20028.0	30232.0	53129.0	86835.0	162351.0	269607.0	473953.0	849904.0	1849860.0	3871403.0	184341.0
	21.0	22.0	23.0	24.0	25.0	26.0	27.0	28.0	29.0	30.0	31.0	32.0	33.0	34.0	35.0	36.0	37.0
GM109_trimmed_clipped_R1_paired	32.0	16.0	10.0	747.0	2153.0	1512.0	4121.0	10426.0	27180.0	59221.0	122062.0	206267.0	331672.0	534159.0	1097208.0	4307353.0	336309.0
	20.0	21.0	22.0	23.0	24.0	25.0	26.0	27.0	28.0	29.0	30.0	31.0	32.0	33.0	34.0	35.0	36.0	37.0
GM109_trimmed_clipped_R2_paired	6.0	303.0	156.0	117.0	5125.0	8576.0	7328.0	13885.0	21754.0	39584.0	68063.0	132116.0	226884.0	409743.0	746735.0	1640775.0	3555260.0	164038.0
	21.0	22.0	23.0	24.0	25.0	26.0	27.0	28.0	29.0	30.0	31.0	32.0	33.0	34.0	35.0	36.0	37.0
GM10_trimmed_clipped_R1_paired	33.0	18.0	8.0	606.0	1849.0	1256.0	3503.0	8645.0	23674.0	52412.0	108132.0	180444.0	288369.0	453153.0	911838.0	4102711.0	376801.0
	20.0	21.0	22.0	23.0	24.0	25.0	26.0	27.0	28.0	29.0	30.0	31.0	32.0	33.0	34.0	35.0	36.0	37.0
GM10_trimmed_clipped_R2_paired	2.0	300.0	148.0	133.0	4477.0	8203.0	5974.0	11221.0	17447.0	31768.0	54544.0	105851.0	179650.0	318156.0	583236.0	1394469.0	3624324.0	173549.0
	20.0	21.0	22.0	23.0	24.0	25.0	26.0	27.0	28.0	29.0	30.0	31.0	32.0	33.0	34.0	35.0	36.0	37.0
GM110_trimmed_clipped_R1_paired	3.0	33.0	18.0	6.0	782.0	2119.0	1417.0	4004.0	10274.0	27912.0	63363.0	132828.0	228241.0	368764.0	591636.0	1207266.0	5009067.0	423343.0
	20.0	21.0	22.0	23.0	24.0	25.0	26.0	27.0	28.0	29.0	30.0	31.0	32.0	33.0	34.0	35.0	36.0	37.0
GM110_trimmed_clipped_R2_paired	2.0	374.0	232.0	210.0	6266.0	11574.0	9302.0	17604.0	27546.0	50473.0	85873.0	165611.0	283565.0	503901.0	912775.0	1974637.0	3859883.0	161248.0
	21.0	22.0	23.0	24.0	25.0	26.0	27.0	28.0	29.0	30.0	31.0	32.0	33.0	34.0	35.0	36.0	37.0
GM111_trimmed_clipped_R1_paired	39.0	20.0	10.0	736.0	2327.0	1650.0	4506.0	11084.0	30715.0	68953.0	143322.0	242903.0	390278.0	620117.0	1239182.0	5476595.0	516535.0
	19.0	20.0	21.0	22.0	23.0	24.0	25.0	26.0	27.0	28.0	29.0	30.0	31.0	32.0	33.0	34.0	35.0	36.0	37.0
GM111_trimmed_clipped_R2_paired	1.0	5.0	348.0	226.0	158.0	5988.0	10868.0	8411.0	15700.0	24786.0	44871.0	76268.0	147231.0	249163.0	439808.0	796054.0	1871356.0	4820930.0	236800.0
	20.0	21.0	22.0	23.0	24.0	25.0	26.0	27.0	28.0	29.0	30.0	31.0	32.0	33.0	34.0	35.0	36.0	37.0
GM112_trimmed_clipped_R1_paired	1.0	33.0	26.0	11.0	765.0	2337.0	1596.0	4533.0	11060.0	29270.0	64505.0	131642.0	220225.0	352437.0	560255.0	1151651.0	4729109.0	386102.0
	20.0	21.0	22.0	23.0	24.0	25.0	26.0	27.0	28.0	29.0	30.0	31.0	32.0	33.0	34.0	35.0	36.0	37.0
GM112_trimmed_clipped_R2_paired	7.0	337.0	180.0	147.0	5932.0	10433.0	8749.0	16428.0	25678.0	45911.0	76811.0	146290.0	246024.0	431981.0	778236.0	1726519.0	3928798.0	197097.0
	20.0	21.0	22.0	23.0	24.0	25.0	26.0	27.0	28.0	29.0	30.0	31.0	32.0	33.0	34.0	35.0	36.0	37.0
GM113_trimmed_clipped_R1_paired	1.0	29.0	12.0	11.0	768.0	2196.0	1431.0	4243.0	10086.0	27866.0	62851.0	130168.0	224067.0	363729.0	591387.0	1215328.0	4783183.0	375556.0
	20.0	21.0	22.0	23.0	24.0	25.0	26.0	27.0	28.0	29.0	30.0	31.0	32.0	33.0	34.0	35.0	36.0	37.0
GM113_trimmed_clipped_R2_paired	10.0	537.0	286.0	186.0	8061.0	14125.0	10799.0	20030.0	30738.0	54078.0	89061.0	170088.0	283409.0	499543.0	885057.0	1865982.0	3689605.0	171317.0
	21.0	22.0	23.0	24.0	25.0	26.0	27.0	28.0	29.0	30.0	31.0	32.0	33.0	34.0	35.0	36.0	37.0
GM114_trimmed_clipped_R1_paired	26.0	20.0	9.0	745.0	2105.0	1562.0	4397.0	10470.0	28121.0	61653.0	124716.0	208866.0	333318.0	532243.0	1076549.0	4346285.0	358824.0
	20.0	21.0	22.0	23.0	24.0	25.0	26.0	27.0	28.0	29.0	30.0	31.0	32.0	33.0	34.0	35.0	36.0	37.0
GM114_trimmed_clipped_R2_paired	8.0	517.0	313.0	242.0	8006.0	14659.0	11099.0	20405.0	31264.0	53849.0	88193.0	165843.0	272801.0	477174.0	848994.0	1783491.0	3177956.0	135095.0
	20.0	21.0	22.0	23.0	24.0	25.0	26.0	27.0	28.0	29.0	30.0	31.0	32.0	33.0	34.0	35.0	36.0	37.0
GM115_trimmed_clipped_R1_paired	1.0	24.0	29.0	5.0	746.0	2119.0	1483.0	4250.0	10276.0	27980.0	62784.0	129109.0	217482.0	346530.0	547940.0	1102590.0	4559303.0	392502.0
	20.0	21.0	22.0	23.0	24.0	25.0	26.0	27.0	28.0	29.0	30.0	31.0	32.0	33.0	34.0	35.0	36.0	37.0
GM115_trimmed_clipped_R2_paired	4.0	510.0	296.0	222.0	8119.0	14274.0	11192.0	21294.0	32009.0	57145.0	92820.0	175182.0	291413.0	510690.0	903483.0	1878995.0	3271051.0	136454.0
	21.0	22.0	23.0	24.0	25.0	26.0	27.0	28.0	29.0	30.0	31.0	32.0	33.0	34.0	35.0	36.0	37.0
GM116_trimmed_clipped_R1_paired	35.0	21.0	8.0	775.0	2194.0	1535.0	4370.0	10564.0	28538.0	63564.0	131569.0	224056.0	362095.0	581152.0	1195018.0	4948279.0	406878.0
	20.0	21.0	22.0	23.0	24.0	25.0	26.0	27.0	28.0	29.0	30.0	31.0	32.0	33.0	34.0	35.0	36.0	37.0
GM116_trimmed_clipped_R2_paired	3.0	433.0	248.0	178.0	6693.0	11367.0	9528.0	17795.0	27784.0	49731.0	84240.0	161874.0	275927.0	493363.0	906061.0	1988813.0	3773894.0	152719.0
	20.0	21.0	22.0	23.0	24.0	25.0	26.0	27.0	28.0	29.0	30.0	31.0	32.0	33.0	34.0	35.0	36.0	37.0
GM117_trimmed_clipped_R1_paired	3.0	30.0	24.0	13.0	910.0	2858.0	1756.0	4898.0	11948.0	32798.0	72597.0	154217.0	266963.0	431910.0	686724.0	1372916.0	6001947.0	567170.0
	20.0	21.0	22.0	23.0	24.0	25.0	26.0	27.0	28.0	29.0	30.0	31.0	32.0	33.0	34.0	35.0	36.0	37.0
GM117_trimmed_clipped_R2_paired	3.0	434.0	274.0	218.0	7296.0	13147.0	11450.0	21817.0	34134.0	62512.0	106165.0	203397.0	343858.0	609695.0	1100795.0	2364237.0	4549908.0	180342.0
	21.0	22.0	23.0	24.0	25.0	26.0	27.0	28.0	29.0	30.0	31.0	32.0	33.0	34.0	35.0	36.0	37.0
GM118_trimmed_clipped_R1_paired	31.0	22.0	16.0	855.0	2812.0	1715.0	4829.0	11317.0	30380.0	68143.0	145409.0	252117.0	414024.0	665424.0	1349037.0	5843476.0	529634.0
	20.0	21.0	22.0	23.0	24.0	25.0	26.0	27.0	28.0	29.0	30.0	31.0	32.0	33.0	34.0	35.0	36.0	37.0
GM118_trimmed_clipped_R2_paired	5.0	680.0	416.0	291.0	10665.0	19047.0	14622.0	27215.0	41025.0	72501.0	117652.0	218153.0	360714.0	628043.0	1113176.0	2307253.0	4213711.0	174072.0
	21.0	22.0	23.0	24.0	25.0	26.0	27.0	28.0	29.0	30.0	31.0	32.0	33.0	34.0	35.0	36.0	37.0
GM119_trimmed_clipped_R1_paired	56.0	24.0	17.0	1076.0	3430.0	2148.0	6085.0	14634.0	38648.0	84830.0	177738.0	305532.0	498215.0	795750.0	1591911.0	6522093.0	568343.0
	20.0	21.0	22.0	23.0	24.0	25.0	26.0	27.0	28.0	29.0	30.0	31.0	32.0	33.0	34.0	35.0	36.0	37.0
GM119_trimmed_clipped_R2_paired	3.0	760.0	430.0	350.0	12023.0	21987.0	18489.0	35369.0	53409.0	95221.0	155684.0	288300.0	476955.0	826397.0	1431829.0	2794498.0	4235693.0	163133.0
	21.0	22.0	23.0	24.0	25.0	26.0	27.0	28.0	29.0	30.0	31.0	32.0	33.0	34.0	35.0	36.0	37.0
GM11_trimmed_clipped_R1_paired	27.0	20.0	11.0	643.0	1956.0	1314.0	3826.0	9617.0	25474.0	56693.0	117628.0	200913.0	328851.0	543568.0	1156836.0	5199755.0	438993.0
	20.0	21.0	22.0	23.0	24.0	25.0	26.0	27.0	28.0	29.0	30.0	31.0	32.0	33.0	34.0	35.0	36.0	37.0
GM11_trimmed_clipped_R2_paired	6.0	326.0	207.0	161.0	5745.0	10464.0	8840.0	16227.0	25314.0	45860.0	75707.0	145186.0	249066.0	455360.0	866140.0	2018813.0	4016135.0	146568.0
	21.0	22.0	23.0	24.0	25.0	26.0	27.0	28.0	29.0	30.0	31.0	32.0	33.0	34.0	35.0	36.0	37.0
GM120_trimmed_clipped_R1_paired	40.0	17.0	12.0	964.0	2905.0	1794.0	4983.0	11870.0	32158.0	73276.0	156622.0	273188.0	448557.0	714843.0	1429041.0	6220981.0	585209.0
	21.0	22.0	23.0	24.0	25.0	26.0	27.0	28.0	29.0	30.0	31.0	32.0	33.0	34.0	35.0	36.0	37.0
GM120_trimmed_clipped_R2_paired	676.0	433.0	295.0	10514.0	19069.0	15252.0	28296.0	44125.0	79757.0	131719.0	250209.0	418841.0	729448.0	1285181.0	2570684.0	4211928.0	160033.0
	20.0	21.0	22.0	23.0	24.0	25.0	26.0	27.0	28.0	29.0	30.0	31.0	32.0	33.0	34.0	35.0	36.0	37.0
GM121_trimmed_clipped_R1_paired	2.0	35.0	30.0	15.0	1047.0	3284.0	2035.0	5805.0	13504.0	36220.0	80525.0	168724.0	290545.0	469746.0	745258.0	1492739.0	6634063.0	628226.0
	20.0	21.0	22.0	23.0	24.0	25.0	26.0	27.0	28.0	29.0	30.0	31.0	32.0	33.0	34.0	35.0	36.0	37.0
GM121_trimmed_clipped_R2_paired	5.0	462.0	238.0	196.0	7332.0	13446.0	11434.0	21321.0	33649.0	62012.0	106274.0	205324.0	350200.0	622760.0	1136375.0	2510539.0	5269794.0	220442.0
	20.0	21.0	22.0	23.0	24.0	25.0	26.0	27.0	28.0	29.0	30.0	31.0	32.0	33.0	34.0	35.0	36.0	37.0
GM122_trimmed_clipped_R1_paired	2.0	35.0	15.0	13.0	809.0	2162.0	1540.0	4245.0	10449.0	27742.0	61589.0	128615.0	222571.0	370651.0	612762.0	1285393.0	6208322.0	599190.0
	20.0	21.0	22.0	23.0	24.0	25.0	26.0	27.0	28.0	29.0	30.0	31.0	32.0	33.0	34.0	35.0	36.0	37.0
GM122_trimmed_clipped_R2_paired	3.0	434.0	243.0	196.0	7788.0	15012.0	13224.0	25884.0	41259.0	76023.0	127620.0	242991.0	413382.0	731921.0	1283536.0	2549104.0	3870607.0	136878.0
	21.0	22.0	23.0	24.0	25.0	26.0	27.0	28.0	29.0	30.0	31.0	32.0	33.0	34.0	35.0	36.0	37.0
GM123_trimmed_clipped_R1_paired	37.0	8.0	11.0	714.0	2217.0	1340.0	3968.0	9999.0	26301.0	57631.0	120095.0	206778.0	342554.0	564021.0	1180387.0	5434361.0	475056.0
	20.0	21.0	22.0	23.0	24.0	25.0	26.0	27.0	28.0	29.0	30.0	31.0	32.0	33.0	34.0	35.0	36.0	37.0
GM123_trimmed_clipped_R2_paired	3.0	416.0	226.0	155.0	7048.0	13352.0	11121.0	21132.0	33981.0	61105.0	102454.0	191536.0	318048.0	554556.0	974259.0	2040343.0	3935683.0	160060.0
	20.0	21.0	22.0	23.0	24.0	25.0	26.0	27.0	28.0	29.0	30.0	31.0	32.0	33.0	34.0	35.0	36.0	37.0
GM124_trimmed_clipped_R1_paired	1.0	39.0	19.0	15.0	806.0	2377.0	1669.0	4670.0	11552.0	30166.0	67639.0	140958.0	242823.0	401601.0	657138.0	1355263.0	6529477.0	626941.0
	20.0	21.0	22.0	23.0	24.0	25.0	26.0	27.0	28.0	29.0	30.0	31.0	32.0	33.0	34.0	35.0	36.0	37.0
GM124_trimmed_clipped_R2_paired	6.0	471.0	251.0	201.0	7563.0	14235.0	11938.0	23113.0	36831.0	67654.0	113222.0	213070.0	357666.0	622990.0	1100645.0	2369009.0	4930143.0	204146.0
	21.0	22.0	23.0	24.0	25.0	26.0	27.0	28.0	29.0	30.0	31.0	32.0	33.0	34.0	35.0	36.0	37.0
GM125_trimmed_clipped_R1_paired	38.0	23.0	16.0	817.0	2316.0	1738.0	4557.0	11525.0	30199.0	66757.0	138049.0	238652.0	392767.0	641774.0	1340453.0	6193678.0	544454.0
	20.0	21.0	22.0	23.0	24.0	25.0	26.0	27.0	28.0	29.0	30.0	31.0	32.0	33.0	34.0	35.0	36.0	37.0
GM125_trimmed_clipped_R2_paired	4.0	646.0	381.0	288.0	10472.0	19358.0	15198.0	28079.0	43642.0	76429.0	124032.0	227548.0	374831.0	654913.0	1161764.0	2439692.0	4269538.0	160998.0
	21.0	22.0	23.0	24.0	25.0	26.0	27.0	28.0	29.0	30.0	31.0	32.0	33.0	34.0	35.0	36.0	37.0
GM126_trimmed_clipped_R1_paired	32.0	14.0	20.0	787.0	2310.0	1547.0	4350.0	10430.0	27582.0	60266.0	124375.0	215042.0	356548.0	585975.0	1229491.0	5478500.0	463314.0
	20.0	21.0	22.0	23.0	24.0	25.0	26.0	27.0	28.0	29.0	30.0	31.0	32.0	33.0	34.0	35.0	36.0	37.0
GM126_trimmed_clipped_R2_paired	7.0	523.0	320.0	280.0	9126.0	17069.0	13737.0	25932.0	39844.0	70335.0	114582.0	213273.0	350661.0	603929.0	1045368.0	2122527.0	3780914.0	152156.0
	21.0	22.0	23.0	24.0	25.0	26.0	27.0	28.0	29.0	30.0	31.0	32.0	33.0	34.0	35.0	36.0	37.0
GM127_trimmed_clipped_R1_paired	25.0	9.0	9.0	763.0	2264.0	1547.0	4326.0	10873.0	29252.0	64653.0	132831.0	224859.0	361087.0	571530.0	1145347.0	5093998.0	476561.0
	20.0	21.0	22.0	23.0	24.0	25.0	26.0	27.0	28.0	29.0	30.0	31.0	32.0	33.0	34.0	35.0	36.0	37.0
GM127_trimmed_clipped_R2_paired	6.0	380.0	203.0	152.0	5781.0	10522.0	8238.0	15702.0	24473.0	44199.0	75743.0	144754.0	242792.0	428910.0	779879.0	1826249.0	4321733.0	190218.0
	21.0	22.0	23.0	24.0	25.0	26.0	27.0	28.0	29.0	30.0	31.0	32.0	33.0	34.0	35.0	36.0	37.0
GM128_trimmed_clipped_R1_paired	35.0	14.0	13.0	768.0	2270.0	1615.0	4496.0	11091.0	29167.0	64495.0	135467.0	232621.0	381950.0	621072.0	1277844.0	6191960.0	610996.0
	20.0	21.0	22.0	23.0	24.0	25.0	26.0	27.0	28.0	29.0	30.0	31.0	32.0	33.0	34.0	35.0	36.0	37.0
GM128_trimmed_clipped_R2_paired	7.0	573.0	306.0	239.0	9048.0	17564.0	13582.0	25682.0	40311.0	70536.0	117207.0	217572.0	360621.0	626077.0	1101002.0	2313438.0	4465082.0	187027.0
	20.0	21.0	22.0	23.0	24.0	25.0	26.0	27.0	28.0	29.0	30.0	31.0	32.0	33.0	34.0	35.0	36.0	37.0
GM129_trimmed_clipped_R1_paired	2.0	30.0	21.0	11.0	849.0	2308.0	1605.0	4372.0	10631.0	29092.0	64702.0	135323.0	235828.0	393100.0	646529.0	1361896.0	6405827.0	583423.0
	20.0	21.0	22.0	23.0	24.0	25.0	26.0	27.0	28.0	29.0	30.0	31.0	32.0	33.0	34.0	35.0	36.0	37.0
GM129_trimmed_clipped_R2_paired	6.0	522.0	289.0	287.0	9162.0	17768.0	15160.0	28817.0	46272.0	83335.0	138952.0	260960.0	434831.0	756117.0	1306505.0	2588441.0	4042460.0	145665.0
	21.0	22.0	23.0	24.0	25.0	26.0	27.0	28.0	29.0	30.0	31.0	32.0	33.0	34.0	35.0	36.0	37.0
GM12_trimmed_clipped_R1_paired	27.0	13.0	8.0	703.0	1884.0	1291.0	3723.0	9325.0	24934.0	54506.0	112460.0	188723.0	302967.0	488522.0	1015039.0	4721661.0	449151.0
	20.0	21.0	22.0	23.0	24.0	25.0	26.0	27.0	28.0	29.0	30.0	31.0	32.0	33.0	34.0	35.0	36.0	37.0
GM12_trimmed_clipped_R2_paired	4.0	305.0	158.0	105.0	4458.0	8258.0	6603.0	12532.0	19679.0	35697.0	60184.0	116727.0	199888.0	359740.0	667427.0	1587656.0	4104268.0	191248.0
	21.0	22.0	23.0	24.0	25.0	26.0	27.0	28.0	29.0	30.0	31.0	32.0	33.0	34.0	35.0	36.0	37.0
GM130_trimmed_clipped_R1_paired	34.0	14.0	10.0	748.0	2122.0	1462.0	4239.0	10197.0	27173.0	59802.0	122532.0	208882.0	340479.0	547353.0	1123728.0	5517413.0	540663.0
	20.0	21.0	22.0	23.0	24.0	25.0	26.0	27.0	28.0	29.0	30.0	31.0	32.0	33.0	34.0	35.0	36.0	37.0
GM130_trimmed_clipped_R2_paired	4.0	286.0	187.0	154.0	5297.0	10024.0	8671.0	16494.0	26634.0	48244.0	81793.0	152200.0	255240.0	445390.0	788376.0	1755249.0	4670027.0	242581.0
	20.0	21.0	22.0	23.0	24.0	25.0	26.0	27.0	28.0	29.0	30.0	31.0	32.0	33.0	34.0	35.0	36.0	37.0
GM131_trimmed_clipped_R1_paired	3.0	38.0	18.0	8.0	881.0	2354.0	1615.0	4550.0	11066.0	29686.0	66123.0	134933.0	230885.0	375978.0	605048.0	1256256.0	6187833.0	584383.0
	20.0	21.0	22.0	23.0	24.0	25.0	26.0	27.0	28.0	29.0	30.0	31.0	32.0	33.0	34.0	35.0	36.0	37.0
GM131_trimmed_clipped_R2_paired	7.0	472.0	264.0	211.0	8262.0	15652.0	12848.0	24800.0	38377.0	68831.0	112107.0	207545.0	342841.0	597169.0	1070828.0	2337993.0	4484277.0	169174.0
	21.0	22.0	23.0	24.0	25.0	26.0	27.0	28.0	29.0	30.0	31.0	32.0	33.0	34.0	35.0	36.0	37.0
GM132_trimmed_clipped_R1_paired	40.0	17.0	13.0	787.0	2220.0	1543.0	4120.0	10127.0	26996.0	58764.0	122361.0	210710.0	350673.0	579218.0	1238435.0	5223485.0	407358.0
	20.0	21.0	22.0	23.0	24.0	25.0	26.0	27.0	28.0	29.0	30.0	31.0	32.0	33.0	34.0	35.0	36.0	37.0
GM132_trimmed_clipped_R2_paired	7.0	931.0	548.0	380.0	15559.0	29169.0	21191.0	36770.0	54645.0	88643.0	140997.0	254907.0	406679.0	686560.0	1153682.0	2174762.0	3025574.0	145863.0
	20.0	21.0	22.0	23.0	24.0	25.0	26.0	27.0	28.0	29.0	30.0	31.0	32.0	33.0	34.0	35.0	36.0	37.0
GM133_trimmed_clipped_R1_paired	1.0	33.0	19.0	5.0	648.0	1762.0	1265.0	3528.0	8604.0	22859.0	49919.0	103528.0	177817.0	290834.0	477637.0	990321.0	4925865.0	474553.0
	20.0	21.0	22.0	23.0	24.0	25.0	26.0	27.0	28.0	29.0	30.0	31.0	32.0	33.0	34.0	35.0	36.0	37.0
GM133_trimmed_clipped_R2_paired	3.0	284.0	180.0	128.0	5353.0	9777.0	8250.0	15671.0	25350.0	46189.0	77345.0	146240.0	245434.0	432794.0	777464.0	1721978.0	3854999.0	161759.0
	20.0	21.0	22.0	23.0	24.0	25.0	26.0	27.0	28.0	29.0	30.0	31.0	32.0	33.0	34.0	35.0	36.0	37.0
GM134_trimmed_clipped_R1_paired	1.0	22.0	18.0	6.0	637.0	1921.0	1263.0	3657.0	8657.0	23467.0	52459.0	109661.0	189515.0	312208.0	509647.0	1059073.0	4914144.0	448115.0
	20.0	21.0	22.0	23.0	24.0	25.0	26.0	27.0	28.0	29.0	30.0	31.0	32.0	33.0	34.0	35.0	36.0	37.0
GM134_trimmed_clipped_R2_paired	4.0	416.0	260.0	214.0	7173.0	13581.0	10992.0	20655.0	31966.0	56912.0	93558.0	173990.0	285512.0	492502.0	858461.0	1798542.0	3634330.0	155403.0
	20.0	21.0	22.0	23.0	24.0	25.0	26.0	27.0	28.0	29.0	30.0	31.0	32.0	33.0	34.0	35.0	36.0	37.0
GM135_trimmed_clipped_R1_paired	1.0	36.0	21.0	12.0	839.0	2398.0	1798.0	4940.0	11940.0	31677.0	68814.0	139121.0	230816.0	364629.0	572035.0	1137226.0	5029118.0	466894.0
	20.0	21.0	22.0	23.0	24.0	25.0	26.0	27.0	28.0	29.0	30.0	31.0	32.0	33.0	34.0	35.0	36.0	37.0
GM135_trimmed_clipped_R2_paired	4.0	299.0	181.0	134.0	5088.0	8948.0	7150.0	13315.0	20861.0	37901.0	64438.0	124083.0	211401.0	371136.0	672102.0	1578861.0	4669934.0	276479.0
	21.0	22.0	23.0	24.0	25.0	26.0	27.0	28.0	29.0	30.0	31.0	32.0	33.0	34.0	35.0	36.0	37.0
GM136_trimmed_clipped_R1_paired	29.0	27.0	9.0	813.0	2369.0	1625.0	4587.0	11141.0	29028.0	64202.0	132493.0	227317.0	374187.0	610600.0	1269413.0	6135583.0	576570.0
	20.0	21.0	22.0	23.0	24.0	25.0	26.0	27.0	28.0	29.0	30.0	31.0	32.0	33.0	34.0	35.0	36.0	37.0
GM136_trimmed_clipped_R2_paired	3.0	640.0	329.0	287.0	9771.0	18413.0	13796.0	25334.0	39479.0	69336.0	112740.0	212045.0	349700.0	608148.0	1074089.0	2282214.0	4444444.0	179225.0
	20.0	21.0	22.0	23.0	24.0	25.0	26.0	27.0	28.0	29.0	30.0	31.0	32.0	33.0	34.0	35.0	36.0	37.0
GM137_trimmed_clipped_R1_paired	1.0	41.0	12.0	11.0	827.0	2488.0	1632.0	4634.0	11361.0	30884.0	69085.0	145038.0	251044.0	415676.0	678722.0	1406092.0	6708715.0	627883.0
	19.0	20.0	21.0	22.0	23.0	24.0	25.0	26.0	27.0	28.0	29.0	30.0	31.0	32.0	33.0	34.0	35.0	36.0	37.0
GM137_trimmed_clipped_R2_paired	2.0	5.0	577.0	317.0	270.0	9139.0	16396.0	13397.0	25664.0	40300.0	72492.0	120731.0	225276.0	376684.0	658979.0	1163691.0	2486423.0	4943585.0	200218.0
	21.0	22.0	23.0	24.0	25.0	26.0	27.0	28.0	29.0	30.0	31.0	32.0	33.0	34.0	35.0	36.0	37.0
GM138_trimmed_clipped_R1_paired	38.0	23.0	12.0	812.0	2302.0	1673.0	4520.0	10765.0	28353.0	61091.0	125410.0	213092.0	348196.0	563942.0	1162837.0	5481573.0	513461.0
	21.0	22.0	23.0	24.0	25.0	26.0	27.0	28.0	29.0	30.0	31.0	32.0	33.0	34.0	35.0	36.0	37.0
GM138_trimmed_clipped_R2_paired	419.0	226.0	166.0	6485.0	12380.0	10594.0	20222.0	31570.0	55469.0	92379.0	172983.0	288634.0	508118.0	903204.0	1954964.0	4269511.0	190776.0
	21.0	22.0	23.0	24.0	25.0	26.0	27.0	28.0	29.0	30.0	31.0	32.0	33.0	34.0	35.0	36.0	37.0
GM139_trimmed_clipped_R1_paired	34.0	16.0	12.0	862.0	2457.0	1733.0	4555.0	11510.0	30787.0	67817.0	141938.0	246559.0	410619.0	677576.0	1416436.0	6348057.0	554238.0
	19.0	20.0	21.0	22.0	23.0	24.0	25.0	26.0	27.0	28.0	29.0	30.0	31.0	32.0	33.0	34.0	35.0	36.0	37.0
GM139_trimmed_clipped_R2_paired	1.0	5.0	553.0	343.0	281.0	9773.0	17921.0	14787.0	27695.0	43484.0	78112.0	128867.0	240436.0	397530.0	687739.0	1198494.0	2446361.0	4446591.0	176233.0
	21.0	22.0	23.0	24.0	25.0	26.0	27.0	28.0	29.0	30.0	31.0	32.0	33.0	34.0	35.0	36.0	37.0
GM13_trimmed_clipped_R1_paired	21.0	12.0	7.0	597.0	1871.0	1165.0	3312.0	8241.0	22248.0	50838.0	107063.0	183536.0	302111.0	491971.0	1017775.0	4241318.0	330554.0
	20.0	21.0	22.0	23.0	24.0	25.0	26.0	27.0	28.0	29.0	30.0	31.0	32.0	33.0	34.0	35.0	36.0	37.0
GM13_trimmed_clipped_R2_paired	4.0	308.0	198.0	149.0	5380.0	9223.0	7368.0	13743.0	21063.0	37917.0	64042.0	124112.0	212357.0	382063.0	707555.0	1647643.0	3398065.0	131450.0
	20.0	21.0	22.0	23.0	24.0	25.0	26.0	27.0	28.0	29.0	30.0	31.0	32.0	33.0	34.0	35.0	36.0	37.0
GM140_trimmed_clipped_R1_paired	1.0	38.0	20.0	6.0	801.0	2210.0	1580.0	4358.0	10462.0	28173.0	63080.0	132128.0	229471.0	375863.0	610048.0	1258644.0	6218907.0	612107.0
	20.0	21.0	22.0	23.0	24.0	25.0	26.0	27.0	28.0	29.0	30.0	31.0	32.0	33.0	34.0	35.0	36.0	37.0
GM140_trimmed_clipped_R2_paired	4.0	485.0	296.0	228.0	8599.0	16165.0	13401.0	25306.0	39446.0	71063.0	118084.0	220872.0	364046.0	633209.0	1119224.0	2371188.0	4379977.0	166304.0
	20.0	21.0	22.0	23.0	24.0	25.0	26.0	27.0	28.0	29.0	30.0	31.0	32.0	33.0	34.0	35.0	36.0	37.0
GM141_trimmed_clipped_R1_paired	1.0	32.0	23.0	12.0	735.0	2100.0	1433.0	4189.0	10182.0	26409.0	58180.0	119673.0	203788.0	332363.0	539444.0	1114712.0	5343948.0	498175.0
	20.0	21.0	22.0	23.0	24.0	25.0	26.0	27.0	28.0	29.0	30.0	31.0	32.0	33.0	34.0	35.0	36.0	37.0
GM141_trimmed_clipped_R2_paired	4.0	348.0	181.0	170.0	6268.0	11349.0	9713.0	18183.0	27871.0	50923.0	84257.0	157188.0	261674.0	459091.0	815892.0	1792158.0	4349519.0	210610.0
	21.0	22.0	23.0	24.0	25.0	26.0	27.0	28.0	29.0	30.0	31.0	32.0	33.0	34.0	35.0	36.0	37.0
GM142_trimmed_clipped_R1_paired	27.0	16.0	8.0	658.0	1785.0	1235.0	3421.0	8305.0	22895.0	50297.0	105872.0	184484.0	303854.0	500690.0	1052461.0	4987568.0	448824.0
	19.0	20.0	21.0	22.0	23.0	24.0	25.0	26.0	27.0	28.0	29.0	30.0	31.0	32.0	33.0	34.0	35.0	36.0	37.0
GM142_trimmed_clipped_R2_paired	1.0	4.0	403.0	244.0	209.0	7276.0	13567.0	11496.0	21610.0	34216.0	61635.0	102157.0	189905.0	315419.0	548001.0	958872.0	1966250.0	3318058.0	123077.0
	20.0	21.0	22.0	23.0	24.0	25.0	26.0	27.0	28.0	29.0	30.0	31.0	32.0	33.0	34.0	35.0	36.0	37.0
GM143_trimmed_clipped_R1_paired	1.0	31.0	18.0	5.0	676.0	1911.0	1394.0	3701.0	9135.0	24248.0	52674.0	108867.0	185083.0	303202.0	497007.0	1046164.0	4849091.0	419982.0
	20.0	21.0	22.0	23.0	24.0	25.0	26.0	27.0	28.0	29.0	30.0	31.0	32.0	33.0	34.0	35.0	36.0	37.0
GM143_trimmed_clipped_R2_paired	4.0	373.0	233.0	194.0	6992.0	13128.0	10727.0	20703.0	32208.0	57292.0	94103.0	176056.0	292992.0	511164.0	907342.0	1910723.0	3345233.0	123723.0
	20.0	21.0	22.0	23.0	24.0	25.0	26.0	27.0	28.0	29.0	30.0	31.0	32.0	33.0	34.0	35.0	36.0	37.0
GM144_trimmed_clipped_R1_paired	1.0	29.0	14.0	8.0	668.0	1883.0	1392.0	3724.0	9006.0	23723.0	52374.0	108782.0	185764.0	303820.0	492971.0	1024759.0	4927421.0	458293.0
	20.0	21.0	22.0	23.0	24.0	25.0	26.0	27.0	28.0	29.0	30.0	31.0	32.0	33.0	34.0	35.0	36.0	37.0
GM144_trimmed_clipped_R2_paired	6.0	491.0	266.0	208.0	7568.0	14016.0	11185.0	20623.0	31761.0	55317.0	90235.0	165627.0	271144.0	469304.0	829426.0	1787256.0	3685997.0	154202.0
	21.0	22.0	23.0	24.0	25.0	26.0	27.0	28.0	29.0	30.0	31.0	32.0	33.0	34.0	35.0	36.0	37.0
GM145_trimmed_clipped_R1_paired	31.0	11.0	6.0	667.0	1975.0	1405.0	3782.0	9226.0	24417.0	53029.0	108901.0	184014.0	298750.0	479334.0	990320.0	4944137.0	487187.0
	20.0	21.0	22.0	23.0	24.0	25.0	26.0	27.0	28.0	29.0	30.0	31.0	32.0	33.0	34.0	35.0	36.0	37.0
GM145_trimmed_clipped_R2_paired	5.0	345.0	187.0	152.0	5634.0	10884.0	9393.0	17379.0	27335.0	49268.0	81650.0	152177.0	252734.0	444550.0	796053.0	1758166.0	3818211.0	163069.0
	20.0	21.0	22.0	23.0	24.0	25.0	26.0	27.0	28.0	29.0	30.0	31.0	32.0	33.0	34.0	35.0	36.0	37.0
GM146_trimmed_clipped_R1_paired	1.0	39.0	16.0	9.0	859.0	2311.0	1638.0	4623.0	10966.0	28284.0	62311.0	128994.0	224986.0	379389.0	659983.0	1667604.0	6779863.0	431293.0
	20.0	21.0	22.0	23.0	24.0	25.0	26.0	27.0	28.0	29.0	30.0	31.0	32.0	33.0	34.0	35.0	36.0	37.0
GM146_trimmed_clipped_R2_paired	4.0	612.0	339.0	264.0	9713.0	18636.0	14827.0	28616.0	43966.0	78376.0	129526.0	244034.0	412903.0	742074.0	1347368.0	2815219.0	4348347.0	148345.0
	21.0	22.0	23.0	24.0	25.0	26.0	27.0	28.0	29.0	30.0	31.0	32.0	33.0	34.0	35.0	36.0	37.0
GM147_trimmed_clipped_R1_paired	39.0	10.0	5.0	649.0	1922.0	1423.0	3699.0	9046.0	24396.0	53416.0	110830.0	190037.0	312315.0	506165.0	1055468.0	5099490.0	478535.0
	20.0	21.0	22.0	23.0	24.0	25.0	26.0	27.0	28.0	29.0	30.0	31.0	32.0	33.0	34.0	35.0	36.0	37.0
GM147_trimmed_clipped_R2_paired	4.0	373.0	244.0	167.0	6586.0	12246.0	10063.0	18941.0	29578.0	52736.0	87246.0	162331.0	271158.0	477055.0	854863.0	1857037.0	3849494.0	157323.0
	21.0	22.0	23.0	24.0	25.0	26.0	27.0	28.0	29.0	30.0	31.0	32.0	33.0	34.0	35.0	36.0	37.0
GM148_trimmed_clipped_R1_paired	32.0	18.0	11.0	843.0	2152.0	1538.0	4408.0	10702.0	28304.0	62832.0	131378.0	227887.0	375970.0	619479.0	1312472.0	6414489.0	580363.0
	20.0	21.0	22.0	23.0	24.0	25.0	26.0	27.0	28.0	29.0	30.0	31.0	32.0	33.0	34.0	35.0	36.0	37.0
GM148_trimmed_clipped_R2_paired	3.0	382.0	237.0	192.0	6998.0	13171.0	11580.0	22193.0	36127.0	65650.0	110969.0	208747.0	355532.0	634509.0	1146511.0	2474861.0	4525323.0	159893.0
	21.0	22.0	23.0	24.0	25.0	26.0	27.0	28.0	29.0	30.0	31.0	32.0	33.0	34.0	35.0	36.0	37.0
GM149_trimmed_clipped_R1_paired	22.0	20.0	9.0	726.0	1874.0	1279.0	3720.0	9104.0	23995.0	52527.0	109435.0	187533.0	308641.0	505232.0	1057215.0	4870603.0	423083.0
	19.0	20.0	21.0	22.0	23.0	24.0	25.0	26.0	27.0	28.0	29.0	30.0	31.0	32.0	33.0	34.0	35.0	36.0	37.0
GM149_trimmed_clipped_R2_paired	1.0	3.0	492.0	290.0	232.0	8205.0	15160.0	12045.0	22572.0	34704.0	61269.0	98910.0	181978.0	298373.0	518784.0	912187.0	1890201.0	3367911.0	131701.0
	21.0	22.0	23.0	24.0	25.0	26.0	27.0	28.0	29.0	30.0	31.0	32.0	33.0	34.0	35.0	36.0	37.0
GM14_trimmed_clipped_R1_paired	29.0	19.0	5.0	807.0	2347.0	1583.0	4388.0	10951.0	29244.0	63576.0	131411.0	219375.0	355280.0	577276.0	1218391.0	5758619.0	535239.0
	20.0	21.0	22.0	23.0	24.0	25.0	26.0	27.0	28.0	29.0	30.0	31.0	32.0	33.0	34.0	35.0	36.0	37.0
GM14_trimmed_clipped_R2_paired	3.0	336.0	171.0	142.0	5764.0	10795.0	8862.0	16331.0	25540.0	45532.0	76461.0	147194.0	252077.0	456129.0	859118.0	2048018.0	4759571.0	196496.0
	20.0	21.0	22.0	23.0	24.0	25.0	26.0	27.0	28.0	29.0	30.0	31.0	32.0	33.0	34.0	35.0	36.0	37.0
GM150_trimmed_clipped_R1_paired	1.0	43.0	22.0	11.0	809.0	2376.0	1626.0	4519.0	10960.0	29784.0	65630.0	137758.0	237058.0	390062.0	635169.0	1324485.0	6343468.0	578781.0
	19.0	20.0	21.0	22.0	23.0	24.0	25.0	26.0	27.0	28.0	29.0	30.0	31.0	32.0	33.0	34.0	35.0	36.0	37.0
GM150_trimmed_clipped_R2_paired	1.0	9.0	518.0	345.0	246.0	8467.0	16404.0	13134.0	24112.0	37707.0	65907.0	108731.0	201901.0	333271.0	581280.0	1031990.0	2241571.0	4887575.0	209393.0
	20.0	21.0	22.0	23.0	24.0	25.0	26.0	27.0	28.0	29.0	30.0	31.0	32.0	33.0	34.0	35.0	36.0	37.0
GM151_trimmed_clipped_R1_paired	2.0	32.0	20.0	9.0	683.0	2044.0	1386.0	3853.0	9499.0	25551.0	56114.0	117251.0	201594.0	331988.0	541797.0	1133968.0	5208649.0	461715.0
	20.0	21.0	22.0	23.0	24.0	25.0	26.0	27.0	28.0	29.0	30.0	31.0	32.0	33.0	34.0	35.0	36.0	37.0
GM151_trimmed_clipped_R2_paired	6.0	449.0	302.0	220.0	7884.0	15361.0	12217.0	23194.0	35697.0	63071.0	103291.0	191461.0	314301.0	541717.0	945144.0	1956083.0	3732381.0	153376.0
	20.0	21.0	22.0	23.0	24.0	25.0	26.0	27.0	28.0	29.0	30.0	31.0	32.0	33.0	34.0	35.0	36.0	37.0
GM152_trimmed_clipped_R1_paired	1.0	34.0	25.0	11.0	828.0	2368.0	1696.0	4570.0	11390.0	30037.0	66024.0	135463.0	233156.0	381510.0	619902.0	1279377.0	6237255.0	597137.0
	20.0	21.0	22.0	23.0	24.0	25.0	26.0	27.0	28.0	29.0	30.0	31.0	32.0	33.0	34.0	35.0	36.0	37.0
GM152_trimmed_clipped_R2_paired	1.0	590.0	326.0	250.0	9725.0	18097.0	14585.0	27234.0	42037.0	73846.0	120605.0	221769.0	361709.0	628687.0	1109526.0	2350723.0	4443257.0	177817.0
	20.0	21.0	22.0	23.0	24.0	25.0	26.0	27.0	28.0	29.0	30.0	31.0	32.0	33.0	34.0	35.0	36.0	37.0
GM153_trimmed_clipped_R1_paired	1.0	34.0	16.0	8.0	849.0	2369.0	1623.0	4422.0	10866.0	28528.0	62220.0	129816.0	221771.0	362485.0	589020.0	1222194.0	5791819.0	543498.0
	20.0	21.0	22.0	23.0	24.0	25.0	26.0	27.0	28.0	29.0	30.0	31.0	32.0	33.0	34.0	35.0	36.0	37.0
GM153_trimmed_clipped_R2_paired	3.0	432.0	265.0	214.0	7954.0	15010.0	12396.0	24073.0	36876.0	66768.0	110809.0	205748.0	342551.0	597398.0	1056933.0	2221212.0	4117534.0	155363.0
	21.0	22.0	23.0	24.0	25.0	26.0	27.0	28.0	29.0	30.0	31.0	32.0	33.0	34.0	35.0	36.0	37.0
GM154_trimmed_clipped_R1_paired	38.0	17.0	12.0	713.0	2094.0	1432.0	4078.0	9921.0	26262.0	58371.0	119596.0	204343.0	334878.0	542153.0	1119546.0	5652856.0	560678.0
	20.0	21.0	22.0	23.0	24.0	25.0	26.0	27.0	28.0	29.0	30.0	31.0	32.0	33.0	34.0	35.0	36.0	37.0
GM154_trimmed_clipped_R2_paired	2.0	410.0	211.0	200.0	6779.0	12870.0	10911.0	21099.0	33609.0	59806.0	100334.0	187938.0	315748.0	555855.0	995552.0	2146968.0	4036999.0	151697.0
	21.0	22.0	23.0	24.0	25.0	26.0	27.0	28.0	29.0	30.0	31.0	32.0	33.0	34.0	35.0	36.0	37.0
GM155_trimmed_clipped_R1_paired	35.0	10.0	9.0	654.0	1886.0	1352.0	3769.0	9385.0	24091.0	52673.0	107833.0	183510.0	296700.0	478487.0	986869.0	4818850.0	463097.0
	20.0	21.0	22.0	23.0	24.0	25.0	26.0	27.0	28.0	29.0	30.0	31.0	32.0	33.0	34.0	35.0	36.0	37.0
GM155_trimmed_clipped_R2_paired	3.0	336.0	221.0	167.0	5984.0	11237.0	9547.0	17695.0	27960.0	50035.0	82701.0	154905.0	259347.0	459088.0	829447.0	1815537.0	3568846.0	136154.0
	19.0	20.0	21.0	22.0	23.0	24.0	25.0	26.0	27.0	28.0	29.0	30.0	31.0	32.0	33.0	34.0	35.0	36.0	37.0
GM156_trimmed_clipped_R1_paired	1.0	0.0	39.0	23.0	16.0	1072.0	2285.0	1965.0	5316.0	12887.0	33034.0	72257.0	147861.0	249201.0	400717.0	642205.0	1392789.0	5959773.0	294174.0
	20.0	21.0	22.0	23.0	24.0	25.0	26.0	27.0	28.0	29.0	30.0	31.0	32.0	33.0	34.0	35.0	36.0	37.0
GM156_trimmed_clipped_R2_paired	3.0	429.0	262.0	195.0	7291.0	13293.0	12206.0	24045.0	38356.0	69640.0	116933.0	215514.0	357041.0	629388.0	1176482.0	2730122.0	3742306.0	82109.0
	21.0	22.0	23.0	24.0	25.0	26.0	27.0	28.0	29.0	30.0	31.0	32.0	33.0	34.0	35.0	36.0	37.0
GM15_trimmed_clipped_R1_paired	35.0	20.0	8.0	752.0	2339.0	1628.0	4487.0	11104.0	29571.0	65342.0	134276.0	227891.0	368400.0	591363.0	1205969.0	5153194.0	430943.0
	19.0	20.0	21.0	22.0	23.0	24.0	25.0	26.0	27.0	28.0	29.0	30.0	31.0	32.0	33.0	34.0	35.0	36.0	37.0
GM15_trimmed_clipped_R2_paired	1.0	3.0	393.0	238.0	163.0	6431.0	11262.0	9242.0	17049.0	26592.0	48027.0	80454.0	154000.0	262592.0	467365.0	868433.0	2028900.0	4091810.0	154367.0
	20.0	21.0	22.0	23.0	24.0	25.0	26.0	27.0	28.0	29.0	30.0	31.0	32.0	33.0	34.0	35.0	36.0	37.0
GM160_trimmed_clipped_R1_paired	4.0	27.0	15.0	8.0	603.0	1878.0	1241.0	3495.0	8900.0	24002.0	52338.0	109791.0	187119.0	305762.0	497492.0	1000464.0	4651749.0	470688.0
	20.0	21.0	22.0	23.0	24.0	25.0	26.0	27.0	28.0	29.0	30.0	31.0	32.0	33.0	34.0	35.0	36.0	37.0
GM160_trimmed_clipped_R2_paired	6.0	495.0	255.0	206.0	7085.0	13194.0	10733.0	20107.0	31653.0	55565.0	90931.0	167563.0	276153.0	478091.0	838713.0	1747489.0	3423423.0	153914.0
	21.0	22.0	23.0	24.0	25.0	26.0	27.0	28.0	29.0	30.0	31.0	32.0	33.0	34.0	35.0	36.0	37.0
GM16_trimmed_clipped_R1_paired	41.0	18.0	9.0	751.0	2274.0	1583.0	4457.0	10850.0	28820.0	64155.0	130627.0	218621.0	347814.0	548736.0	1100035.0	4957735.0	458538.0
	20.0	21.0	22.0	23.0	24.0	25.0	26.0	27.0	28.0	29.0	30.0	31.0	32.0	33.0	34.0	35.0	36.0	37.0
GM16_trimmed_clipped_R2_paired	3.0	279.0	169.0	131.0	4652.0	8137.0	6785.0	12574.0	19707.0	36300.0	62761.0	121162.0	207394.0	364310.0	660114.0	1565387.0	4559418.0	245781.0
	21.0	22.0	23.0	24.0	25.0	26.0	27.0	28.0	29.0	30.0	31.0	32.0	33.0	34.0	35.0	36.0	37.0
GM17_trimmed_clipped_R1_paired	41.0	20.0	8.0	678.0	2004.0	1395.0	3870.0	9660.0	25250.0	55852.0	113997.0	191159.0	308123.0	494566.0	1010020.0	4316836.0	359735.0
	20.0	21.0	22.0	23.0	24.0	25.0	26.0	27.0	28.0	29.0	30.0	31.0	32.0	33.0	34.0	35.0	36.0	37.0
GM17_trimmed_clipped_R2_paired	6.0	353.0	192.0	160.0	5532.0	10070.0	8141.0	15000.0	23021.0	41257.0	68512.0	130591.0	218898.0	388664.0	727036.0	1704904.0	3418560.0	132317.0
	21.0	22.0	23.0	24.0	25.0	26.0	27.0	28.0	29.0	30.0	31.0	32.0	33.0	34.0	35.0	36.0	37.0
GM18_trimmed_clipped_R1_paired	40.0	18.0	5.0	688.0	2127.0	1388.0	4031.0	9957.0	27025.0	59990.0	124035.0	209209.0	332759.0	530022.0	1080867.0	4703178.0	400387.0
	20.0	21.0	22.0	23.0	24.0	25.0	26.0	27.0	28.0	29.0	30.0	31.0	32.0	33.0	34.0	35.0	36.0	37.0
GM18_trimmed_clipped_R2_paired	2.0	372.0	231.0	166.0	6368.0	11147.0	8664.0	16511.0	25195.0	45459.0	75686.0	142722.0	237594.0	422405.0	777628.0	1805805.0	3760567.0	149204.0
	21.0	22.0	23.0	24.0	25.0	26.0	27.0	28.0	29.0	30.0	31.0	32.0	33.0	34.0	35.0	36.0	37.0
GM19_trimmed_clipped_R1_paired	40.0	17.0	7.0	888.0	2743.0	1832.0	5313.0	13259.0	35713.0	80508.0	166947.0	280602.0	448563.0	711093.0	1427836.0	6267605.0	570933.0
	20.0	21.0	22.0	23.0	24.0	25.0	26.0	27.0	28.0	29.0	30.0	31.0	32.0	33.0	34.0	35.0	36.0	37.0
GM19_trimmed_clipped_R2_paired	4.0	415.0	239.0	195.0	7036.0	12419.0	9620.0	17841.0	27848.0	50568.0	85609.0	165572.0	282046.0	499817.0	913996.0	2144684.0	5529914.0	266076.0
	21.0	22.0	23.0	24.0	25.0	26.0	27.0	28.0	29.0	30.0	31.0	32.0	33.0	34.0	35.0	36.0	37.0
GM1_trimmed_clipped_R1_paired	31.0	17.0	6.0	687.0	2169.0	1352.0	3895.0	9671.0	26217.0	58713.0	121665.0	208971.0	344976.0	569991.0	1204845.0	5289568.0	451093.0
	20.0	21.0	22.0	23.0	24.0	25.0	26.0	27.0	28.0	29.0	30.0	31.0	32.0	33.0	34.0	35.0	36.0	37.0
GM1_trimmed_clipped_R2_paired	4.0	344.0	237.0	164.0	6080.0	10919.0	8826.0	16748.0	26489.0	47732.0	80947.0	155137.0	267262.0	489122.0	919603.0	2094045.0	4026047.0	144161.0
	21.0	22.0	23.0	24.0	25.0	26.0	27.0	28.0	29.0	30.0	31.0	32.0	33.0	34.0	35.0	36.0	37.0
GM20_trimmed_clipped_R1_paired	25.0	15.0	13.0	596.0	1923.0	1298.0	3619.0	9259.0	24851.0	56076.0	117072.0	197454.0	316811.0	502013.0	1016514.0	4574288.0	417443.0
	20.0	21.0	22.0	23.0	24.0	25.0	26.0	27.0	28.0	29.0	30.0	31.0	32.0	33.0	34.0	35.0	36.0	37.0
GM20_trimmed_clipped_R2_paired	4.0	418.0	212.0	152.0	5795.0	10607.0	7809.0	14531.0	22082.0	39590.0	66344.0	127796.0	214226.0	378437.0	699486.0	1675159.0	3815635.0	160987.0
	20.0	21.0	22.0	23.0	24.0	25.0	26.0	27.0	28.0	29.0	30.0	31.0	32.0	33.0	34.0	35.0	36.0	37.0
GM21_trimmed_clipped_R1_paired	2.0	28.0	6.0	7.0	632.0	2052.0	1390.0	4045.0	9691.0	26338.0	57938.0	120038.0	202133.0	324295.0	518392.0	1050403.0	4636688.0	414877.0
	20.0	21.0	22.0	23.0	24.0	25.0	26.0	27.0	28.0	29.0	30.0	31.0	32.0	33.0	34.0	35.0	36.0	37.0
GM21_trimmed_clipped_R2_paired	2.0	368.0	232.0	182.0	6080.0	10829.0	8511.0	15863.0	24457.0	43550.0	72069.0	136439.0	227213.0	400131.0	733964.0	1703003.0	3822541.0	163521.0
	21.0	22.0	23.0	24.0	25.0	26.0	27.0	28.0	29.0	30.0	31.0	32.0	33.0	34.0	35.0	36.0	37.0
GM22_trimmed_clipped_R1_paired	29.0	15.0	9.0	674.0	1980.0	1380.0	3989.0	9375.0	24998.0	56027.0	115154.0	192498.0	304466.0	479140.0	970793.0	4173286.0	356563.0
	20.0	21.0	22.0	23.0	24.0	25.0	26.0	27.0	28.0	29.0	30.0	31.0	32.0	33.0	34.0	35.0	36.0	37.0
GM22_trimmed_clipped_R2_paired	3.0	283.0	165.0	137.0	4737.0	8602.0	7067.0	12962.0	20598.0	38050.0	64395.0	123430.0	207755.0	366246.0	669463.0	1568452.0	3453731.0	144300.0
	20.0	21.0	22.0	23.0	24.0	25.0	26.0	27.0	28.0	29.0	30.0	31.0	32.0	33.0	34.0	35.0	36.0	37.0
GM23_trimmed_clipped_R1_paired	1.0	28.0	15.0	9.0	679.0	2070.0	1380.0	3962.0	9831.0	25959.0	57980.0	117458.0	195456.0	309289.0	483512.0	966397.0	4336661.0	400495.0
	19.0	20.0	21.0	22.0	23.0	24.0	25.0	26.0	27.0	28.0	29.0	30.0	31.0	32.0	33.0	34.0	35.0	36.0	37.0
GM23_trimmed_clipped_R2_paired	1.0	4.0	287.0	190.0	137.0	4832.0	8545.0	6881.0	12807.0	20191.0	36048.0	61678.0	118896.0	199664.0	353410.0	651541.0	1550824.0	3719873.0	165373.0
	21.0	22.0	23.0	24.0	25.0	26.0	27.0	28.0	29.0	30.0	31.0	32.0	33.0	34.0	35.0	36.0	37.0
GM24_trimmed_clipped_R1_paired	43.0	22.0	7.0	780.0	2258.0	1544.0	4515.0	11069.0	30188.0	67958.0	140801.0	235803.0	373249.0	585751.0	1165031.0	5297011.0	509327.0
	20.0	21.0	22.0	23.0	24.0	25.0	26.0	27.0	28.0	29.0	30.0	31.0	32.0	33.0	34.0	35.0	36.0	37.0
GM24_trimmed_clipped_R2_paired	1.0	307.0	174.0	118.0	4940.0	9175.0	7244.0	13716.0	21524.0	41401.0	72074.0	140711.0	240970.0	427933.0	784133.0	1848519.0	4598985.0	213432.0
	20.0	21.0	22.0	23.0	24.0	25.0	26.0	27.0	28.0	29.0	30.0	31.0	32.0	33.0	34.0	35.0	36.0	37.0
GM25_trimmed_clipped_R1_paired	1.0	25.0	19.0	13.0	652.0	1969.0	1349.0	3894.0	9782.0	25723.0	56762.0	116004.0	195029.0	316337.0	515960.0	1075240.0	4887713.0	441275.0
	19.0	20.0	21.0	22.0	23.0	24.0	25.0	26.0	27.0	28.0	29.0	30.0	31.0	32.0	33.0	34.0	35.0	36.0	37.0
GM25_trimmed_clipped_R2_paired	1.0	3.0	363.0	185.0	170.0	5662.0	10088.0	8208.0	15277.0	23420.0	41041.0	68060.0	128570.0	217933.0	392854.0	734141.0	1724842.0	4095434.0	181495.0
	20.0	21.0	22.0	23.0	24.0	25.0	26.0	27.0	28.0	29.0	30.0	31.0	32.0	33.0	34.0	35.0	36.0	37.0
GM26_trimmed_clipped_R1_paired	1.0	28.0	18.0	13.0	835.0	2483.0	1729.0	4936.0	12558.0	33607.0	74439.0	152115.0	251773.0	397619.0	622489.0	1230460.0	5599613.0	547271.0
	20.0	21.0	22.0	23.0	24.0	25.0	26.0	27.0	28.0	29.0	30.0	31.0	32.0	33.0	34.0	35.0	36.0	37.0
GM26_trimmed_clipped_R2_paired	3.0	353.0	236.0	134.0	5634.0	9949.0	8021.0	15081.0	23721.0	43417.0	75042.0	145471.0	247557.0	436673.0	795448.0	1895230.0	4983119.0	246898.0
	21.0	22.0	23.0	24.0	25.0	26.0	27.0	28.0	29.0	30.0	31.0	32.0	33.0	34.0	35.0	36.0	37.0
GM27_trimmed_clipped_R1_paired	39.0	16.0	14.0	727.0	2201.0	1490.0	4388.0	10618.0	27757.0	61200.0	124434.0	208179.0	334368.0	531496.0	1078801.0	4576336.0	385096.0
	20.0	21.0	22.0	23.0	24.0	25.0	26.0	27.0	28.0	29.0	30.0	31.0	32.0	33.0	34.0	35.0	36.0	37.0
GM27_trimmed_clipped_R2_paired	7.0	377.0	178.0	133.0	5582.0	10072.0	7774.0	14676.0	22525.0	40084.0	67821.0	129338.0	217821.0	386136.0	714343.0	1690389.0	3874304.0	165600.0
	21.0	22.0	23.0	24.0	25.0	26.0	27.0	28.0	29.0	30.0	31.0	32.0	33.0	34.0	35.0	36.0	37.0
GM28_trimmed_clipped_R1_paired	30.0	16.0	13.0	673.0	2096.0	1486.0	4136.0	10413.0	29058.0	65429.0	136302.0	229411.0	367665.0	584670.0	1209177.0	5864766.0	592493.0
	19.0	20.0	21.0	22.0	23.0	24.0	25.0	26.0	27.0	28.0	29.0	30.0	31.0	32.0	33.0	34.0	35.0	36.0	37.0
GM28_trimmed_clipped_R2_paired	1.0	5.0	330.0	209.0	140.0	5312.0	9887.0	8256.0	15986.0	24898.0	46239.0	78722.0	152443.0	261395.0	475890.0	891272.0	2108940.0	4816629.0	201280.0
	21.0	22.0	23.0	24.0	25.0	26.0	27.0	28.0	29.0	30.0	31.0	32.0	33.0	34.0	35.0	36.0	37.0
GM29_trimmed_clipped_R1_paired	34.0	13.0	8.0	694.0	1964.0	1411.0	3952.0	9553.0	26048.0	58205.0	120509.0	204794.0	328802.0	522031.0	1046514.0	4632153.0	424906.0
	20.0	21.0	22.0	23.0	24.0	25.0	26.0	27.0	28.0	29.0	30.0	31.0	32.0	33.0	34.0	35.0	36.0	37.0
GM29_trimmed_clipped_R2_paired	3.0	259.0	133.0	93.0	3742.0	6699.0	5483.0	10599.0	17381.0	32090.0	56381.0	111804.0	193584.0	345363.0	629954.0	1489495.0	4256441.0	222087.0
	20.0	21.0	22.0	23.0	24.0	25.0	26.0	27.0	28.0	29.0	30.0	31.0	32.0	33.0	34.0	35.0	36.0	37.0
GM2_trimmed_clipped_R1_paired	1.0	33.0	14.0	7.0	550.0	1781.0	1107.0	3137.0	7787.0	21706.0	49758.0	103682.0	178680.0	294042.0	478068.0	992929.0	4235820.0	338228.0
	21.0	22.0	23.0	24.0	25.0	26.0	27.0	28.0	29.0	30.0	31.0	32.0	33.0	34.0	35.0	36.0	37.0
GM2_trimmed_clipped_R2_paired	311.0	187.0	148.0	5387.0	9803.0	7743.0	14621.0	22763.0	41230.0	68714.0	130554.0	219742.0	392999.0	735871.0	1705150.0	3235200.0	116907.0
	21.0	22.0	23.0	24.0	25.0	26.0	27.0	28.0	29.0	30.0	31.0	32.0	33.0	34.0	35.0	36.0	37.0
GM30_trimmed_clipped_R1_paired	33.0	25.0	3.0	780.0	2193.0	1514.0	4543.0	10969.0	29041.0	64868.0	132881.0	221292.0	350717.0	553767.0	1123688.0	4999579.0	441391.0
	20.0	21.0	22.0	23.0	24.0	25.0	26.0	27.0	28.0	29.0	30.0	31.0	32.0	33.0	34.0	35.0	36.0	37.0
GM30_trimmed_clipped_R2_paired	1.0	346.0	193.0	164.0	5605.0	9941.0	8104.0	14777.0	22842.0	41382.0	69678.0	132772.0	222727.0	391615.0	714028.0	1693355.0	4396167.0	213587.0
	20.0	21.0	22.0	23.0	24.0	25.0	26.0	27.0	28.0	29.0	30.0	31.0	32.0	33.0	34.0	35.0	36.0	37.0
GM31_trimmed_clipped_R1_paired	1.0	29.0	19.0	17.0	739.0	2065.0	1438.0	4177.0	10151.0	26416.0	57420.0	118571.0	199481.0	322988.0	514426.0	1046995.0	4579994.0	396160.0
	19.0	20.0	21.0	22.0	23.0	24.0	25.0	26.0	27.0	28.0	29.0	30.0	31.0	32.0	33.0	34.0	35.0	36.0	37.0
GM31_trimmed_clipped_R2_paired	1.0	2.0	390.0	231.0	155.0	5714.0	10304.0	8041.0	14943.0	23023.0	41607.0	69407.0	133588.0	225666.0	404202.0	747674.0	1737873.0	3704444.0	153822.0
	20.0	21.0	22.0	23.0	24.0	25.0	26.0	27.0	28.0	29.0	30.0	31.0	32.0	33.0	34.0	35.0	36.0	37.0
GM32_trimmed_clipped_R1_paired	3.0	30.0	18.0	7.0	757.0	2258.0	1612.0	4544.0	10858.0	28970.0	65518.0	133239.0	224104.0	359729.0	571200.0	1155150.0	5190653.0	466444.0
	21.0	22.0	23.0	24.0	25.0	26.0	27.0	28.0	29.0	30.0	31.0	32.0	33.0	34.0	35.0	36.0	37.0
GM32_trimmed_clipped_R2_paired	288.0	163.0	123.0	4811.0	8324.0	7144.0	13711.0	22231.0	41592.0	71873.0	140392.0	241508.0	429758.0	796911.0	1881156.0	4368924.0	186185.0
	21.0	22.0	23.0	24.0	25.0	26.0	27.0	28.0	29.0	30.0	31.0	32.0	33.0	34.0	35.0	36.0	37.0
GM33_trimmed_clipped_R1_paired	35.0	12.0	8.0	591.0	1830.0	1186.0	3319.0	8535.0	23294.0	52187.0	109045.0	186942.0	304365.0	491793.0	1021093.0	4341257.0	343086.0
	20.0	21.0	22.0	23.0	24.0	25.0	26.0	27.0	28.0	29.0	30.0	31.0	32.0	33.0	34.0	35.0	36.0	37.0
GM33_trimmed_clipped_R2_paired	2.0	370.0	163.0	161.0	5297.0	9534.0	7808.0	14537.0	23028.0	41515.0	71014.0	137400.0	231985.0	415421.0	780028.0	1799021.0	3238761.0	112533.0
	21.0	22.0	23.0	24.0	25.0	26.0	27.0	28.0	29.0	30.0	31.0	32.0	33.0	34.0	35.0	36.0	37.0
GM34_trimmed_clipped_R1_paired	34.0	17.0	3.0	711.0	2181.0	1535.0	4382.0	10790.0	29609.0	65714.0	135608.0	229558.0	369625.0	596206.0	1240863.0	5823701.0	540092.0
	19.0	20.0	21.0	22.0	23.0	24.0	25.0	26.0	27.0	28.0	29.0	30.0	31.0	32.0	33.0	34.0	35.0	36.0	37.0
GM34_trimmed_clipped_R2_paired	1.0	6.0	395.0	196.0	177.0	6481.0	11824.0	9290.0	16959.0	26384.0	47287.0	79178.0	152867.0	260233.0	472663.0	889564.0	2131307.0	4759770.0	186047.0
	21.0	22.0	23.0	24.0	25.0	26.0	27.0	28.0	29.0	30.0	31.0	32.0	33.0	34.0	35.0	36.0	37.0
GM35_trimmed_clipped_R1_paired	42.0	20.0	5.0	687.0	2164.0	1403.0	4005.0	9728.0	26183.0	57781.0	120474.0	208004.0	342596.0	557810.0	1148151.0	4741588.0	381765.0
	20.0	21.0	22.0	23.0	24.0	25.0	26.0	27.0	28.0	29.0	30.0	31.0	32.0	33.0	34.0	35.0	36.0	37.0
GM35_trimmed_clipped_R2_paired	6.0	299.0	145.0	136.0	5259.0	9523.0	7962.0	15061.0	23935.0	44131.0	75131.0	146515.0	253087.0	457652.0	849930.0	1931226.0	3651569.0	130839.0
	17.0	18.0	19.0	20.0	21.0	22.0	23.0	24.0	25.0	26.0	27.0	28.0	29.0	30.0	31.0	32.0	33.0	34.0	35.0	36.0	37.0
GM36_trimmed_clipped_R1_paired	1.0	0.0	0.0	0.0	27.0	17.0	8.0	709.0	2064.0	1354.0	3944.0	9570.0	25828.0	57017.0	117088.0	196443.0	313480.0	499882.0	1018898.0	4597780.0	410782.0
	20.0	21.0	22.0	23.0	24.0	25.0	26.0	27.0	28.0	29.0	30.0	31.0	32.0	33.0	34.0	35.0	36.0	37.0
GM36_trimmed_clipped_R2_paired	1.0	286.0	145.0	123.0	4326.0	7627.0	6117.0	11451.0	17728.0	32211.0	55570.0	108416.0	183428.0	325855.0	593455.0	1417237.0	4246077.0	244839.0
	21.0	22.0	23.0	24.0	25.0	26.0	27.0	28.0	29.0	30.0	31.0	32.0	33.0	34.0	35.0	36.0	37.0
GM37_trimmed_clipped_R1_paired	24.0	16.0	5.0	722.0	2080.0	1456.0	4202.0	10497.0	28227.0	63107.0	129271.0	218809.0	353788.0	574980.0	1187738.0	5525697.0	531190.0
	20.0	21.0	22.0	23.0	24.0	25.0	26.0	27.0	28.0	29.0	30.0	31.0	32.0	33.0	34.0	35.0	36.0	37.0
GM37_trimmed_clipped_R2_paired	5.0	362.0	228.0	143.0	5784.0	10648.0	8752.0	16433.0	25979.0	45841.0	77437.0	149336.0	255509.0	461325.0	859534.0	2003339.0	4524215.0	186939.0
	20.0	21.0	22.0	23.0	24.0	25.0	26.0	27.0	28.0	29.0	30.0	31.0	32.0	33.0	34.0	35.0	36.0	37.0
GM38_trimmed_clipped_R1_paired	1.0	31.0	16.0	10.0	832.0	2563.0	1752.0	5069.0	12555.0	33723.0	76181.0	156751.0	260284.0	412529.0	649758.0	1296911.0	5804020.0	548733.0
	20.0	21.0	22.0	23.0	24.0	25.0	26.0	27.0	28.0	29.0	30.0	31.0	32.0	33.0	34.0	35.0	36.0	37.0
GM38_trimmed_clipped_R2_paired	5.0	391.0	242.0	153.0	6237.0	11692.0	9103.0	17875.0	28130.0	50509.0	86397.0	166111.0	279570.0	493331.0	906999.0	2130795.0	4857354.0	216825.0
	21.0	22.0	23.0	24.0	25.0	26.0	27.0	28.0	29.0	30.0	31.0	32.0	33.0	34.0	35.0	36.0	37.0
GM39_trimmed_clipped_R1_paired	30.0	19.0	12.0	770.0	2270.0	1516.0	4226.0	10761.0	29120.0	65366.0	135117.0	225816.0	361493.0	569278.0	1123340.0	5011003.0	499960.0
	20.0	21.0	22.0	23.0	24.0	25.0	26.0	27.0	28.0	29.0	30.0	31.0	32.0	33.0	34.0	35.0	36.0	37.0
GM39_trimmed_clipped_R2_paired	7.0	313.0	190.0	147.0	5280.0	9282.0	7315.0	14037.0	21839.0	40048.0	68721.0	133126.0	226826.0	399573.0	724266.0	1677785.0	4471577.0	239765.0
	21.0	22.0	23.0	24.0	25.0	26.0	27.0	28.0	29.0	30.0	31.0	32.0	33.0	34.0	35.0	36.0	37.0
GM3_trimmed_clipped_R1_paired	30.0	13.0	8.0	751.0	2218.0	1512.0	4244.0	10069.0	27005.0	58975.0	121984.0	204557.0	332194.0	531530.0	1083655.0	4652359.0	398240.0
	20.0	21.0	22.0	23.0	24.0	25.0	26.0	27.0	28.0	29.0	30.0	31.0	32.0	33.0	34.0	35.0	36.0	37.0
GM3_trimmed_clipped_R2_paired	5.0	414.0	243.0	173.0	6568.0	11590.0	9210.0	16744.0	25624.0	45561.0	75644.0	142413.0	238479.0	422922.0	777803.0	1790864.0	3712645.0	152442.0
	20.0	21.0	22.0	23.0	24.0	25.0	26.0	27.0	28.0	29.0	30.0	31.0	32.0	33.0	34.0	35.0	36.0	37.0
GM40_trimmed_clipped_R1_paired	1.0	40.0	12.0	12.0	870.0	2403.0	1605.0	4673.0	11569.0	31512.0	70420.0	145613.0	244838.0	389544.0	613964.0	1222165.0	5370068.0	512018.0
	20.0	21.0	22.0	23.0	24.0	25.0	26.0	27.0	28.0	29.0	30.0	31.0	32.0	33.0	34.0	35.0	36.0	37.0
GM40_trimmed_clipped_R2_paired	5.0	343.0	215.0	146.0	5291.0	9871.0	7688.0	14220.0	22549.0	41845.0	72687.0	140502.0	237918.0	418277.0	756867.0	1771650.0	4851685.0	269568.0
	21.0	22.0	23.0	24.0	25.0	26.0	27.0	28.0	29.0	30.0	31.0	32.0	33.0	34.0	35.0	36.0	37.0
GM41_trimmed_clipped_R1_paired	33.0	19.0	16.0	809.0	2340.0	1681.0	4907.0	11838.0	32634.0	72358.0	146984.0	245147.0	385716.0	601056.0	1182051.0	5203145.0	506913.0
	20.0	21.0	22.0	23.0	24.0	25.0	26.0	27.0	28.0	29.0	30.0	31.0	32.0	33.0	34.0	35.0	36.0	37.0
GM41_trimmed_clipped_R2_paired	3.0	328.0	193.0	128.0	5655.0	9848.0	7880.0	14577.0	22890.0	41650.0	70852.0	137117.0	232673.0	410028.0	741471.0	1721315.0	4717034.0	264005.0
	20.0	21.0	22.0	23.0	24.0	25.0	26.0	27.0	28.0	29.0	30.0	31.0	32.0	33.0	34.0	35.0	36.0	37.0
GM42_trimmed_clipped_R1_paired	1.0	33.0	20.0	7.0	872.0	2651.0	1877.0	5085.0	12657.0	32990.0	72140.0	145838.0	243967.0	391797.0	624783.0	1274135.0	4932670.0	378847.0
	20.0	21.0	22.0	23.0	24.0	25.0	26.0	27.0	28.0	29.0	30.0	31.0	32.0	33.0	34.0	35.0	36.0	37.0
GM42_trimmed_clipped_R2_paired	3.0	520.0	234.0	215.0	7884.0	14251.0	11076.0	20173.0	30672.0	54014.0	88191.0	167505.0	282557.0	495811.0	894578.0	1931571.0	3933111.0	188004.0
	21.0	22.0	23.0	24.0	25.0	26.0	27.0	28.0	29.0	30.0	31.0	32.0	33.0	34.0	35.0	36.0	37.0
GM43_trimmed_clipped_R1_paired	33.0	26.0	10.0	770.0	2133.0	1559.0	4354.0	10556.0	27243.0	58810.0	119915.0	199106.0	315590.0	501117.0	1013605.0	4237142.0	362191.0
	20.0	21.0	22.0	23.0	24.0	25.0	26.0	27.0	28.0	29.0	30.0	31.0	32.0	33.0	34.0	35.0	36.0	37.0
GM43_trimmed_clipped_R2_paired	2.0	287.0	158.0	123.0	5109.0	8793.0	7439.0	14367.0	22128.0	40630.0	68361.0	132184.0	225632.0	401902.0	725562.0	1616198.0	3430608.0	154677.0
	21.0	22.0	23.0	24.0	25.0	26.0	27.0	28.0	29.0	30.0	31.0	32.0	33.0	34.0	35.0	36.0	37.0
GM44_trimmed_clipped_R1_paired	36.0	12.0	14.0	814.0	2292.0	1629.0	4426.0	10713.0	28190.0	61732.0	126337.0	214587.0	344817.0	550293.0	1131994.0	4502515.0	359627.0
	20.0	21.0	22.0	23.0	24.0	25.0	26.0	27.0	28.0	29.0	30.0	31.0	32.0	33.0	34.0	35.0	36.0	37.0
GM44_trimmed_clipped_R2_paired	7.0	553.0	319.0	247.0	8866.0	15828.0	12205.0	22573.0	33648.0	59068.0	95958.0	179626.0	299184.0	522580.0	922492.0	1876724.0	3153625.0	136525.0
	21.0	22.0	23.0	24.0	25.0	26.0	27.0	28.0	29.0	30.0	31.0	32.0	33.0	34.0	35.0	36.0	37.0
GM45_trimmed_clipped_R1_paired	30.0	25.0	11.0	837.0	2205.0	1584.0	4466.0	11088.0	29208.0	63648.0	130029.0	216999.0	349415.0	564616.0	1167564.0	5082619.0	447834.0
	20.0	21.0	22.0	23.0	24.0	25.0	26.0	27.0	28.0	29.0	30.0	31.0	32.0	33.0	34.0	35.0	36.0	37.0
GM45_trimmed_clipped_R2_paired	6.0	415.0	252.0	180.0	6923.0	12123.0	10163.0	18693.0	28315.0	50124.0	82928.0	156760.0	263922.0	470589.0	861367.0	1903029.0	4026245.0	180144.0
	21.0	22.0	23.0	24.0	25.0	26.0	27.0	28.0	29.0	30.0	31.0	32.0	33.0	34.0	35.0	36.0	37.0
GM46_trimmed_clipped_R1_paired	32.0	16.0	8.0	885.0	2520.0	1899.0	5147.0	12379.0	32815.0	71875.0	148493.0	250745.0	404804.0	658817.0	1371697.0	6096418.0	562042.0
	20.0	21.0	22.0	23.0	24.0	25.0	26.0	27.0	28.0	29.0	30.0	31.0	32.0	33.0	34.0	35.0	36.0	37.0
GM46_trimmed_clipped_R2_paired	5.0	477.0	299.0	216.0	8322.0	15016.0	12653.0	23689.0	36936.0	65850.0	109513.0	206028.0	348749.0	622263.0	1130607.0	2413013.0	4449299.0	177657.0
	20.0	21.0	22.0	23.0	24.0	25.0	26.0	27.0	28.0	29.0	30.0	31.0	32.0	33.0	34.0	35.0	36.0	37.0
GM47_trimmed_clipped_R1_paired	1.0	30.0	21.0	11.0	795.0	2355.0	1618.0	4604.0	11362.0	29287.0	63742.0	127904.0	213764.0	340564.0	537386.0	1077543.0	4817895.0	440190.0
	20.0	21.0	22.0	23.0	24.0	25.0	26.0	27.0	28.0	29.0	30.0	31.0	32.0	33.0	34.0	35.0	36.0	37.0
GM47_trimmed_clipped_R2_paired	2.0	276.0	141.0	109.0	4463.0	7780.0	6474.0	12081.0	19046.0	34590.0	59655.0	116226.0	197137.0	348799.0	633450.0	1495446.0	4473253.0	260144.0
	21.0	22.0	23.0	24.0	25.0	26.0	27.0	28.0	29.0	30.0	31.0	32.0	33.0	34.0	35.0	36.0	37.0
GM48_trimmed_clipped_R1_paired	23.0	17.0	10.0	782.0	2153.0	1548.0	4407.0	10784.0	28643.0	62985.0	128218.0	214478.0	343274.0	544258.0	1113370.0	4607725.0	379032.0
	20.0	21.0	22.0	23.0	24.0	25.0	26.0	27.0	28.0	29.0	30.0	31.0	32.0	33.0	34.0	35.0	36.0	37.0
GM48_trimmed_clipped_R2_paired	2.0	392.0	212.0	155.0	6101.0	10992.0	8955.0	16818.0	26035.0	46970.0	78499.0	149287.0	251220.0	443894.0	800953.0	1757323.0	3677373.0	166526.0
	21.0	22.0	23.0	24.0	25.0	26.0	27.0	28.0	29.0	30.0	31.0	32.0	33.0	34.0	35.0	36.0	37.0
GM49_trimmed_clipped_R1_paired	28.0	20.0	11.0	753.0	2230.0	1624.0	4535.0	11030.0	29175.0	65049.0	132089.0	221052.0	354326.0	559930.0	1139296.0	4712272.0	405236.0
	20.0	21.0	22.0	23.0	24.0	25.0	26.0	27.0	28.0	29.0	30.0	31.0	32.0	33.0	34.0	35.0	36.0	37.0
GM49_trimmed_clipped_R2_paired	5.0	347.0	189.0	141.0	5921.0	10314.0	8586.0	15982.0	25129.0	45595.0	77675.0	148519.0	251520.0	441639.0	790491.0	1729173.0	3891897.0	195533.0
	21.0	22.0	23.0	24.0	25.0	26.0	27.0	28.0	29.0	30.0	31.0	32.0	33.0	34.0	35.0	36.0	37.0
GM4_trimmed_clipped_R1_paired	19.0	14.0	8.0	573.0	1736.0	1203.0	3411.0	8301.0	22376.0	50245.0	103921.0	178080.0	288830.0	466452.0	957773.0	4245202.0	362177.0
	20.0	21.0	22.0	23.0	24.0	25.0	26.0	27.0	28.0	29.0	30.0	31.0	32.0	33.0	34.0	35.0	36.0	37.0
GM4_trimmed_clipped_R2_paired	1.0	210.0	107.0	83.0	3350.0	5728.0	5275.0	9944.0	16543.0	30892.0	54807.0	107898.0	190138.0	347871.0	654068.0	1562416.0	3559900.0	141090.0
	20.0	21.0	22.0	23.0	24.0	25.0	26.0	27.0	28.0	29.0	30.0	31.0	32.0	33.0	34.0	35.0	36.0	37.0
GM50_trimmed_clipped_R1_paired	1.0	38.0	17.0	8.0	887.0	2339.0	1731.0	4910.0	12049.0	31380.0	69077.0	141030.0	234079.0	371588.0	587780.0	1181022.0	4794472.0	398869.0
	20.0	21.0	22.0	23.0	24.0	25.0	26.0	27.0	28.0	29.0	30.0	31.0	32.0	33.0	34.0	35.0	36.0	37.0
GM50_trimmed_clipped_R2_paired	10.0	403.0	257.0	164.0	6461.0	11662.0	9482.0	17417.0	26990.0	48180.0	80434.0	154275.0	261916.0	466893.0	855728.0	1893045.0	3819742.0	178218.0
	20.0	21.0	22.0	23.0	24.0	25.0	26.0	27.0	28.0	29.0	30.0	31.0	32.0	33.0	34.0	35.0	36.0	37.0
GM51_trimmed_clipped_R1_paired	1.0	32.0	12.0	6.0	756.0	2335.0	1623.0	4372.0	11106.0	29862.0	67030.0	136446.0	227994.0	361345.0	568167.0	1129753.0	5020494.0	474188.0
	20.0	21.0	22.0	23.0	24.0	25.0	26.0	27.0	28.0	29.0	30.0	31.0	32.0	33.0	34.0	35.0	36.0	37.0
GM51_trimmed_clipped_R2_paired	6.0	330.0	198.0	142.0	5297.0	9345.0	7335.0	14012.0	22281.0	40312.0	68821.0	131894.0	222905.0	390530.0	704923.0	1642904.0	4524905.0	249382.0
	20.0	21.0	22.0	23.0	24.0	25.0	26.0	27.0	28.0	29.0	30.0	31.0	32.0	33.0	34.0	35.0	36.0	37.0
GM52_trimmed_clipped_R1_paired	1.0	26.0	16.0	8.0	756.0	1972.0	1381.0	4021.0	9928.0	26889.0	60007.0	124338.0	211322.0	340062.0	544712.0	1118422.0	4528123.0	365130.0
	20.0	21.0	22.0	23.0	24.0	25.0	26.0	27.0	28.0	29.0	30.0	31.0	32.0	33.0	34.0	35.0	36.0	37.0
GM52_trimmed_clipped_R2_paired	2.0	470.0	289.0	194.0	7888.0	14306.0	10955.0	20338.0	30705.0	54042.0	88336.0	166150.0	275547.0	482870.0	862046.0	1814837.0	3361564.0	146575.0
	21.0	22.0	23.0	24.0	25.0	26.0	27.0	28.0	29.0	30.0	31.0	32.0	33.0	34.0	35.0	36.0	37.0
GM53_trimmed_clipped_R1_paired	31.0	22.0	7.0	776.0	2245.0	1524.0	4211.0	10540.0	28066.0	62256.0	128084.0	214859.0	343746.0	545118.0	1097854.0	4760251.0	422634.0
	20.0	21.0	22.0	23.0	24.0	25.0	26.0	27.0	28.0	29.0	30.0	31.0	32.0	33.0	34.0	35.0	36.0	37.0
GM53_trimmed_clipped_R2_paired	4.0	326.0	169.0	155.0	5298.0	9424.0	7918.0	14953.0	23152.0	43008.0	72541.0	140331.0	236612.0	416890.0	760810.0	1771798.0	3950509.0	168326.0
	21.0	22.0	23.0	24.0	25.0	26.0	27.0	28.0	29.0	30.0	31.0	32.0	33.0	34.0	35.0	36.0	37.0
GM54_trimmed_clipped_R1_paired	35.0	9.0	10.0	743.0	2014.0	1423.0	4101.0	10054.0	26551.0	58649.0	118653.0	197933.0	318126.0	506291.0	1041457.0	4355782.0	367473.0
	20.0	21.0	22.0	23.0	24.0	25.0	26.0	27.0	28.0	29.0	30.0	31.0	32.0	33.0	34.0	35.0	36.0	37.0
GM54_trimmed_clipped_R2_paired	1.0	295.0	188.0	122.0	5214.0	9120.0	7646.0	14705.0	22615.0	40633.0	69436.0	135110.0	231898.0	420216.0	771673.0	1705850.0	3424407.0	150175.0
	20.0	21.0	22.0	23.0	24.0	25.0	26.0	27.0	28.0	29.0	30.0	31.0	32.0	33.0	34.0	35.0	36.0	37.0
GM55_trimmed_clipped_R1_paired	2.0	42.0	17.0	6.0	756.0	2247.0	1465.0	4489.0	10909.0	28717.0	64212.0	131860.0	220962.0	346827.0	543302.0	1079113.0	4882833.0	468306.0
	19.0	20.0	21.0	22.0	23.0	24.0	25.0	26.0	27.0	28.0	29.0	30.0	31.0	32.0	33.0	34.0	35.0	36.0	37.0
GM55_trimmed_clipped_R2_paired	1.0	5.0	375.0	238.0	139.0	5795.0	10545.0	7739.0	14668.0	22912.0	41088.0	70115.0	134977.0	226725.0	401745.0	738431.0	1743434.0	4172232.0	194901.0
	20.0	21.0	22.0	23.0	24.0	25.0	26.0	27.0	28.0	29.0	30.0	31.0	32.0	33.0	34.0	35.0	36.0	37.0
GM56_trimmed_clipped_R1_paired	1.0	37.0	26.0	3.0	713.0	1974.0	1423.0	3908.0	9448.0	25274.0	55572.0	114670.0	194352.0	315592.0	513577.0	1060811.0	4339177.0	348675.0
	20.0	21.0	22.0	23.0	24.0	25.0	26.0	27.0	28.0	29.0	30.0	31.0	32.0	33.0	34.0	35.0	36.0	37.0
GM56_trimmed_clipped_R2_paired	7.0	367.0	250.0	174.0	6557.0	11615.0	9551.0	17753.0	27372.0	49442.0	82968.0	157324.0	266977.0	471610.0	845717.0	1769901.0	3139639.0	128009.0
	21.0	22.0	23.0	24.0	25.0	26.0	27.0	28.0	29.0	30.0	31.0	32.0	33.0	34.0	35.0	36.0	37.0
GM57_trimmed_clipped_R1_paired	25.0	16.0	13.0	866.0	2411.0	1755.0	4692.0	11406.0	29817.0	64378.0	131400.0	219107.0	353254.0	563890.0	1152637.0	4653866.0	379820.0
	19.0	20.0	21.0	22.0	23.0	24.0	25.0	26.0	27.0	28.0	29.0	30.0	31.0	32.0	33.0	34.0	35.0	36.0	37.0
GM57_trimmed_clipped_R2_paired	1.0	5.0	431.0	249.0	188.0	7289.0	12702.0	10403.0	19165.0	29461.0	52282.0	85320.0	162976.0	276043.0	487537.0	874796.0	1856157.0	3534645.0	159703.0
	20.0	21.0	22.0	23.0	24.0	25.0	26.0	27.0	28.0	29.0	30.0	31.0	32.0	33.0	34.0	35.0	36.0	37.0
GM58_trimmed_clipped_R1_paired	1.0	35.0	22.0	13.0	864.0	2351.0	1645.0	4609.0	11253.0	29733.0	64612.0	132181.0	222786.0	356331.0	569421.0	1168512.0	4772892.0	393278.0
	19.0	20.0	21.0	22.0	23.0	24.0	25.0	26.0	27.0	28.0	29.0	30.0	31.0	32.0	33.0	34.0	35.0	36.0	37.0
GM58_trimmed_clipped_R2_paired	1.0	4.0	388.0	245.0	198.0	7128.0	12531.0	10091.0	18429.0	28359.0	50233.0	82996.0	157767.0	264581.0	468849.0	840766.0	1823737.0	3786958.0	177278.0
	21.0	22.0	23.0	24.0	25.0	26.0	27.0	28.0	29.0	30.0	31.0	32.0	33.0	34.0	35.0	36.0	37.0
GM59_trimmed_clipped_R1_paired	46.0	10.0	14.0	1001.0	2853.0	1973.0	5567.0	13522.0	35880.0	78974.0	161246.0	269550.0	432569.0	688414.0	1393291.0	5766698.0	495719.0
	20.0	21.0	22.0	23.0	24.0	25.0	26.0	27.0	28.0	29.0	30.0	31.0	32.0	33.0	34.0	35.0	36.0	37.0
GM59_trimmed_clipped_R2_paired	4.0	485.0	259.0	207.0	7954.0	14191.0	11692.0	21590.0	33642.0	60115.0	100750.0	192227.0	325179.0	576012.0	1043046.0	2268653.0	4498002.0	193319.0
	21.0	22.0	23.0	24.0	25.0	26.0	27.0	28.0	29.0	30.0	31.0	32.0	33.0	34.0	35.0	36.0	37.0
GM5_trimmed_clipped_R1_paired	18.0	18.0	4.0	596.0	1842.0	1221.0	3642.0	8420.0	22814.0	49988.0	103095.0	176913.0	289666.0	471569.0	974077.0	4079094.0	319586.0
	20.0	21.0	22.0	23.0	24.0	25.0	26.0	27.0	28.0	29.0	30.0	31.0	32.0	33.0	34.0	35.0	36.0	37.0
GM5_trimmed_clipped_R2_paired	2.0	272.0	168.0	138.0	4930.0	8957.0	7196.0	13271.0	20249.0	36558.0	61302.0	117811.0	198685.0	357940.0	664288.0	1563148.0	3317901.0	129747.0
	21.0	22.0	23.0	24.0	25.0	26.0	27.0	28.0	29.0	30.0	31.0	32.0	33.0	34.0	35.0	36.0	37.0
GM60_trimmed_clipped_R1_paired	32.0	17.0	12.0	785.0	2293.0	1599.0	4620.0	11042.0	29810.0	66040.0	135332.0	229720.0	374654.0	618472.0	1316541.0	5729221.0	485511.0
	20.0	21.0	22.0	23.0	24.0	25.0	26.0	27.0	28.0	29.0	30.0	31.0	32.0	33.0	34.0	35.0	36.0	37.0
GM60_trimmed_clipped_R2_paired	5.0	377.0	235.0	150.0	6390.0	11343.0	9659.0	18395.0	28669.0	51930.0	87319.0	166819.0	287475.0	520181.0	964393.0	2140183.0	4513985.0	198193.0
	20.0	21.0	22.0	23.0	24.0	25.0	26.0	27.0	28.0	29.0	30.0	31.0	32.0	33.0	34.0	35.0	36.0	37.0
GM61_trimmed_clipped_R1_paired	2.0	30.0	20.0	7.0	807.0	2229.0	1585.0	4464.0	11381.0	30573.0	68388.0	139280.0	235002.0	379681.0	612903.0	1273023.0	5715706.0	535697.0
	20.0	21.0	22.0	23.0	24.0	25.0	26.0	27.0	28.0	29.0	30.0	31.0	32.0	33.0	34.0	35.0	36.0	37.0
GM61_trimmed_clipped_R2_paired	7.0	378.0	205.0	150.0	6358.0	10933.0	9372.0	17332.0	27646.0	50307.0	84941.0	162692.0	279250.0	500078.0	915952.0	2045897.0	4682973.0	216307.0
	21.0	22.0	23.0	24.0	25.0	26.0	27.0	28.0	29.0	30.0	31.0	32.0	33.0	34.0	35.0	36.0	37.0
GM62_trimmed_clipped_R1_paired	33.0	18.0	8.0	723.0	2201.0	1549.0	4250.0	10595.0	27964.0	61168.0	126001.0	212263.0	342357.0	549319.0	1130326.0	4660048.0	376899.0
	20.0	21.0	22.0	23.0	24.0	25.0	26.0	27.0	28.0	29.0	30.0	31.0	32.0	33.0	34.0	35.0	36.0	37.0
GM62_trimmed_clipped_R2_paired	3.0	517.0	287.0	193.0	8024.0	14672.0	11843.0	22116.0	33684.0	58847.0	96642.0	181113.0	304528.0	540903.0	974429.0	1998621.0	3133712.0	125588.0
	21.0	22.0	23.0	24.0	25.0	26.0	27.0	28.0	29.0	30.0	31.0	32.0	33.0	34.0	35.0	36.0	37.0
GM63_trimmed_clipped_R1_paired	33.0	17.0	12.0	737.0	2104.0	1433.0	4220.0	10587.0	28395.0	63987.0	131721.0	221654.0	353324.0	555973.0	1106810.0	4996075.0	481848.0
	20.0	21.0	22.0	23.0	24.0	25.0	26.0	27.0	28.0	29.0	30.0	31.0	32.0	33.0	34.0	35.0	36.0	37.0
GM63_trimmed_clipped_R2_paired	3.0	378.0	232.0	151.0	6246.0	11147.0	8845.0	16793.0	26608.0	48618.0	82337.0	157656.0	264504.0	469287.0	871834.0	2008633.0	3832680.0	152978.0
	21.0	22.0	23.0	24.0	25.0	26.0	27.0	28.0	29.0	30.0	31.0	32.0	33.0	34.0	35.0	36.0	37.0
GM64_trimmed_clipped_R1_paired	25.0	20.0	10.0	804.0	2307.0	1604.0	4628.0	11398.0	30485.0	67547.0	138948.0	235262.0	383437.0	627695.0	1319116.0	5876721.0	532617.0
	20.0	21.0	22.0	23.0	24.0	25.0	26.0	27.0	28.0	29.0	30.0	31.0	32.0	33.0	34.0	35.0	36.0	37.0
GM64_trimmed_clipped_R2_paired	4.0	499.0	268.0	214.0	8292.0	15030.0	12553.0	23681.0	35910.0	64491.0	105854.0	200964.0	338808.0	609554.0	1105676.0	2340364.0	4202849.0	167613.0
	20.0	21.0	22.0	23.0	24.0	25.0	26.0	27.0	28.0	29.0	30.0	31.0	32.0	33.0	34.0	35.0	36.0	37.0
GM65_trimmed_clipped_R1_paired	2.0	29.0	18.0	7.0	502.0	1436.0	945.0	2567.0	6813.0	18493.0	43531.0	96543.0	179035.0	317793.0	550561.0	1178905.0	4372674.0	310985.0
	20.0	21.0	22.0	23.0	24.0	25.0	26.0	27.0	28.0	29.0	30.0	31.0	32.0	33.0	34.0	35.0	36.0	37.0
GM65_trimmed_clipped_R2_paired	5.0	498.0	297.0	217.0	7410.0	13429.0	9872.0	18128.0	27368.0	47794.0	79597.0	153498.0	265948.0	487506.0	892676.0	1846915.0	3100761.0	128920.0
	20.0	21.0	22.0	23.0	24.0	25.0	26.0	27.0	28.0	29.0	30.0	31.0	32.0	33.0	34.0	35.0	36.0	37.0
GM66_trimmed_clipped_R1_paired	1.0	43.0	22.0	15.0	885.0	2531.0	1797.0	5065.0	12531.0	33606.0	75460.0	153932.0	259504.0	413141.0	652525.0	1321949.0	5687816.0	506982.0
	20.0	21.0	22.0	23.0	24.0	25.0	26.0	27.0	28.0	29.0	30.0	31.0	32.0	33.0	34.0	35.0	36.0	37.0
GM66_trimmed_clipped_R2_paired	2.0	445.0	236.0	201.0	7037.0	12659.0	10598.0	19673.0	30780.0	55339.0	93700.0	179047.0	301417.0	531280.0	955612.0	2111162.0	4603632.0	214985.0
	20.0	21.0	22.0	23.0	24.0	25.0	26.0	27.0	28.0	29.0	30.0	31.0	32.0	33.0	34.0	35.0	36.0	37.0
GM67_trimmed_clipped_R1_paired	1.0	51.0	25.0	13.0	929.0	2768.0	1924.0	5408.0	13527.0	34828.0	76548.0	155466.0	259961.0	414625.0	659444.0	1340028.0	5556509.0	472254.0
	20.0	21.0	22.0	23.0	24.0	25.0	26.0	27.0	28.0	29.0	30.0	31.0	32.0	33.0	34.0	35.0	36.0	37.0
GM67_trimmed_clipped_R2_paired	4.0	505.0	281.0	193.0	8046.0	14407.0	11886.0	21839.0	33213.0	59429.0	98851.0	186294.0	309452.0	543881.0	971194.0	2110930.0	4421035.0	202869.0
	21.0	22.0	23.0	24.0	25.0	26.0	27.0	28.0	29.0	30.0	31.0	32.0	33.0	34.0	35.0	36.0	37.0
GM68_trimmed_clipped_R1_paired	33.0	22.0	16.0	820.0	2473.0	1640.0	4882.0	11527.0	30829.0	67162.0	135710.0	226305.0	359497.0	568422.0	1147452.0	4863566.0	424343.0
	19.0	20.0	21.0	22.0	23.0	24.0	25.0	26.0	27.0	28.0	29.0	30.0	31.0	32.0	33.0	34.0	35.0	36.0	37.0
GM68_trimmed_clipped_R2_paired	1.0	3.0	456.0	254.0	184.0	7097.0	12434.0	10001.0	18287.0	28301.0	49441.0	81445.0	155187.0	258843.0	453973.0	815723.0	1795714.0	3965017.0	192338.0
	20.0	21.0	22.0	23.0	24.0	25.0	26.0	27.0	28.0	29.0	30.0	31.0	32.0	33.0	34.0	35.0	36.0	37.0
GM69_trimmed_clipped_R1_paired	2.0	43.0	18.0	9.0	977.0	2783.0	1930.0	5481.0	13748.0	36517.0	81425.0	167485.0	282885.0	455656.0	729061.0	1472938.0	5843873.0	486193.0
	20.0	21.0	22.0	23.0	24.0	25.0	26.0	27.0	28.0	29.0	30.0	31.0	32.0	33.0	34.0	35.0	36.0	37.0
GM69_trimmed_clipped_R2_paired	8.0	507.0	284.0	204.0	8197.0	14032.0	11458.0	21168.0	32392.0	58129.0	96908.0	185690.0	315906.0	561192.0	1016475.0	2214477.0	4798443.0	245554.0
	21.0	22.0	23.0	24.0	25.0	26.0	27.0	28.0	29.0	30.0	31.0	32.0	33.0	34.0	35.0	36.0	37.0
GM6_trimmed_clipped_R1_paired	19.0	19.0	11.0	681.0	1997.0	1438.0	4235.0	10335.0	27518.0	61418.0	125716.0	210391.0	336776.0	542197.0	1128986.0	5427032.0	521229.0
	20.0	21.0	22.0	23.0	24.0	25.0	26.0	27.0	28.0	29.0	30.0	31.0	32.0	33.0	34.0	35.0	36.0	37.0
GM6_trimmed_clipped_R2_paired	1.0	291.0	186.0	124.0	4910.0	8789.0	7443.0	14045.0	22459.0	40817.0	69173.0	134127.0	231382.0	422130.0	801296.0	1935882.0	4518572.0	188371.0
	21.0	22.0	23.0	24.0	25.0	26.0	27.0	28.0	29.0	30.0	31.0	32.0	33.0	34.0	35.0	36.0	37.0
GM70_trimmed_clipped_R1_paired	36.0	17.0	11.0	889.0	2477.0	1699.0	4936.0	11741.0	31206.0	68423.0	138998.0	231297.0	370463.0	594228.0	1231564.0	5227924.0	434622.0
	20.0	21.0	22.0	23.0	24.0	25.0	26.0	27.0	28.0	29.0	30.0	31.0	32.0	33.0	34.0	35.0	36.0	37.0
GM70_trimmed_clipped_R2_paired	1.0	300.0	165.0	145.0	4841.0	8582.0	7764.0	15264.0	24364.0	44844.0	77528.0	150901.0	264917.0	481418.0	897490.0	2016640.0	4179767.0	175600.0
	21.0	22.0	23.0	24.0	25.0	26.0	27.0	28.0	29.0	30.0	31.0	32.0	33.0	34.0	35.0	36.0	37.0
GM71_trimmed_clipped_R1_paired	36.0	26.0	18.0	961.0	2792.0	2048.0	5554.0	13573.0	35833.0	77978.0	157982.0	265791.0	423814.0	675062.0	1377088.0	5571572.0	449708.0
	20.0	21.0	22.0	23.0	24.0	25.0	26.0	27.0	28.0	29.0	30.0	31.0	32.0	33.0	34.0	35.0	36.0	37.0
GM71_trimmed_clipped_R2_paired	6.0	536.0	300.0	254.0	8864.0	15551.0	13164.0	24538.0	38190.0	67272.0	110408.0	209509.0	350838.0	616808.0	1108447.0	2317203.0	4009645.0	168303.0
	20.0	21.0	22.0	23.0	24.0	25.0	26.0	27.0	28.0	29.0	30.0	31.0	32.0	33.0	34.0	35.0	36.0	37.0
GM72_trimmed_clipped_R1_paired	1.0	36.0	15.0	10.0	708.0	2086.0	1454.0	4064.0	9866.0	26544.0	59236.0	121607.0	207410.0	335946.0	543138.0	1112259.0	4356140.0	349812.0
	20.0	21.0	22.0	23.0	24.0	25.0	26.0	27.0	28.0	29.0	30.0	31.0	32.0	33.0	34.0	35.0	36.0	37.0
GM72_trimmed_clipped_R2_paired	6.0	440.0	279.0	185.0	7099.0	12942.0	9861.0	18178.0	27594.0	48928.0	81394.0	153079.0	256151.0	450542.0	804148.0	1713313.0	3388390.0	157803.0
	20.0	21.0	22.0	23.0	24.0	25.0	26.0	27.0	28.0	29.0	30.0	31.0	32.0	33.0	34.0	35.0	36.0	37.0
GM73_trimmed_clipped_R1_paired	1.0	27.0	12.0	8.0	773.0	2301.0	1574.0	4635.0	11152.0	30020.0	67489.0	140221.0	235069.0	373657.0	593319.0	1210872.0	5044230.0	429149.0
	19.0	20.0	21.0	22.0	23.0	24.0	25.0	26.0	27.0	28.0	29.0	30.0	31.0	32.0	33.0	34.0	35.0	36.0	37.0
GM73_trimmed_clipped_R2_paired	1.0	4.0	446.0	246.0	165.0	6913.0	12571.0	9849.0	18449.0	28588.0	51086.0	85680.0	164832.0	278919.0	497459.0	909621.0	2000356.0	3915642.0	163682.0
	21.0	22.0	23.0	24.0	25.0	26.0	27.0	28.0	29.0	30.0	31.0	32.0	33.0	34.0	35.0	36.0	37.0
GM74_trimmed_clipped_R1_paired	43.0	20.0	13.0	875.0	2402.0	1785.0	4956.0	12096.0	32247.0	71009.0	146892.0	247553.0	404369.0	666279.0	1404210.0	6111010.0	546741.0
	20.0	21.0	22.0	23.0	24.0	25.0	26.0	27.0	28.0	29.0	30.0	31.0	32.0	33.0	34.0	35.0	36.0	37.0
GM74_trimmed_clipped_R2_paired	6.0	584.0	322.0	248.0	9168.0	16085.0	12912.0	24225.0	36276.0	63878.0	104128.0	195399.0	329225.0	587964.0	1065537.0	2299215.0	4694928.0	212400.0
	21.0	22.0	23.0	24.0	25.0	26.0	27.0	28.0	29.0	30.0	31.0	32.0	33.0	34.0	35.0	36.0	37.0
GM75_trimmed_clipped_R1_paired	25.0	18.0	12.0	784.0	2186.0	1574.0	4210.0	10223.0	27201.0	60384.0	124763.0	209932.0	335857.0	538983.0	1100693.0	4617652.0	392363.0
	20.0	21.0	22.0	23.0	24.0	25.0	26.0	27.0	28.0	29.0	30.0	31.0	32.0	33.0	34.0	35.0	36.0	37.0
GM75_trimmed_clipped_R2_paired	2.0	338.0	203.0	132.0	5956.0	10198.0	8878.0	16768.0	26581.0	48099.0	81564.0	156612.0	270959.0	488010.0	895061.0	1918627.0	3362201.0	136671.0
	21.0	22.0	23.0	24.0	25.0	26.0	27.0	28.0	29.0	30.0	31.0	32.0	33.0	34.0	35.0	36.0	37.0
GM76_trimmed_clipped_R1_paired	47.0	29.0	9.0	822.0	2349.0	1709.0	4852.0	11778.0	31130.0	68975.0	139712.0	232322.0	375043.0	605606.0	1263174.0	5503984.0	483540.0
	19.0	20.0	21.0	22.0	23.0	24.0	25.0	26.0	27.0	28.0	29.0	30.0	31.0	32.0	33.0	34.0	35.0	36.0	37.0
GM76_trimmed_clipped_R2_paired	1.0	4.0	511.0	310.0	243.0	8095.0	14919.0	11144.0	20327.0	30676.0	53684.0	87925.0	167623.0	281590.0	507070.0	931811.0	2071829.0	4346237.0	191082.0
	20.0	21.0	22.0	23.0	24.0	25.0	26.0	27.0	28.0	29.0	30.0	31.0	32.0	33.0	34.0	35.0	36.0	37.0
GM77_trimmed_clipped_R1_paired	1.0	31.0	17.0	8.0	863.0	2778.0	1837.0	5371.0	13099.0	35791.0	79920.0	163607.0	274445.0	433605.0	681955.0	1373023.0	5803254.0	508101.0
	20.0	21.0	22.0	23.0	24.0	25.0	26.0	27.0	28.0	29.0	30.0	31.0	32.0	33.0	34.0	35.0	36.0	37.0
GM77_trimmed_clipped_R2_paired	5.0	498.0	338.0	225.0	9032.0	15801.0	11812.0	22255.0	34521.0	60626.0	101880.0	193693.0	323487.0	569535.0	1029134.0	2269014.0	4540521.0	195329.0
	21.0	22.0	23.0	24.0	25.0	26.0	27.0	28.0	29.0	30.0	31.0	32.0	33.0	34.0	35.0	36.0	37.0
GM78_trimmed_clipped_R1_paired	31.0	16.0	16.0	862.0	2280.0	1687.0	4783.0	11275.0	29056.0	63182.0	129298.0	217189.0	348417.0	561050.0	1164011.0	4881573.0	403763.0
	20.0	21.0	22.0	23.0	24.0	25.0	26.0	27.0	28.0	29.0	30.0	31.0	32.0	33.0	34.0	35.0	36.0	37.0
GM78_trimmed_clipped_R2_paired	3.0	361.0	204.0	162.0	6231.0	11247.0	9911.0	19142.0	30158.0	55041.0	92677.0	179244.0	308705.0	558769.0	1011846.0	2081988.0	3325916.0	126884.0
	20.0	21.0	22.0	23.0	24.0	25.0	26.0	27.0	28.0	29.0	30.0	31.0	32.0	33.0	34.0	35.0	36.0	37.0
GM79_trimmed_clipped_R1_paired	1.0	29.0	16.0	14.0	844.0	2371.0	1722.0	4739.0	11778.0	31435.0	69891.0	144774.0	244058.0	392752.0	631283.0	1287463.0	5075452.0	405272.0
	20.0	21.0	22.0	23.0	24.0	25.0	26.0	27.0	28.0	29.0	30.0	31.0	32.0	33.0	34.0	35.0	36.0	37.0
GM79_trimmed_clipped_R2_paired	8.0	448.0	264.0	191.0	7317.0	12729.0	10160.0	18809.0	29108.0	51611.0	86339.0	164948.0	280207.0	497564.0	896525.0	1940944.0	4106722.0	200000.0
	21.0	22.0	23.0	24.0	25.0	26.0	27.0	28.0	29.0	30.0	31.0	32.0	33.0	34.0	35.0	36.0	37.0
GM7_trimmed_clipped_R1_paired	28.0	9.0	8.0	511.0	1729.0	1072.0	3078.0	7735.0	21056.0	48061.0	101361.0	174506.0	287072.0	471682.0	976597.0	4232497.0	349877.0
	20.0	21.0	22.0	23.0	24.0	25.0	26.0	27.0	28.0	29.0	30.0	31.0	32.0	33.0	34.0	35.0	36.0	37.0
GM7_trimmed_clipped_R2_paired	2.0	352.0	214.0	136.0	5667.0	10197.0	7689.0	13933.0	21375.0	38306.0	62924.0	121107.0	204275.0	367934.0	684610.0	1598531.0	3404524.0	135103.0
	21.0	22.0	23.0	24.0	25.0	26.0	27.0	28.0	29.0	30.0	31.0	32.0	33.0	34.0	35.0	36.0	37.0
GM80_trimmed_clipped_R1_paired	38.0	15.0	13.0	776.0	2163.0	1540.0	4540.0	10692.0	27658.0	60057.0	120545.0	200280.0	315657.0	501569.0	1010113.0	4275249.0	370781.0
	20.0	21.0	22.0	23.0	24.0	25.0	26.0	27.0	28.0	29.0	30.0	31.0	32.0	33.0	34.0	35.0	36.0	37.0
GM80_trimmed_clipped_R2_paired	4.0	349.0	196.0	170.0	5777.0	10352.0	8250.0	15437.0	23732.0	42425.0	70303.0	132881.0	223160.0	392610.0	705107.0	1572224.0	3530967.0	167742.0
	21.0	22.0	23.0	24.0	25.0	26.0	27.0	28.0	29.0	30.0	31.0	32.0	33.0	34.0	35.0	36.0	37.0
GM81_trimmed_clipped_R1_paired	40.0	17.0	7.0	724.0	2212.0	1553.0	4346.0	10459.0	27576.0	60647.0	124988.0	211801.0	341795.0	554737.0	1145798.0	4099997.0	277605.0
	20.0	21.0	22.0	23.0	24.0	25.0	26.0	27.0	28.0	29.0	30.0	31.0	32.0	33.0	34.0	35.0	36.0	37.0
GM81_trimmed_clipped_R2_paired	4.0	329.0	183.0	144.0	5450.0	9708.0	7854.0	14500.0	21852.0	38954.0	64708.0	123870.0	209858.0	375697.0	686741.0	1537541.0	3586788.0	180121.0
	20.0	21.0	22.0	23.0	24.0	25.0	26.0	27.0	28.0	29.0	30.0	31.0	32.0	33.0	34.0	35.0	36.0	37.0
GM82_trimmed_clipped_R1_paired	1.0	46.0	27.0	9.0	1060.0	2924.0	2240.0	6207.0	14624.0	38623.0	83433.0	166724.0	276374.0	434545.0	684230.0	1384115.0	5782649.0	482714.0
	20.0	21.0	22.0	23.0	24.0	25.0	26.0	27.0	28.0	29.0	30.0	31.0	32.0	33.0	34.0	35.0	36.0	37.0
GM82_trimmed_clipped_R2_paired	3.0	486.0	290.0	232.0	8430.0	14959.0	12089.0	22313.0	34189.0	60111.0	99776.0	187232.0	313404.0	551354.0	995542.0	2212842.0	4638752.0	208541.0
	20.0	21.0	22.0	23.0	24.0	25.0	26.0	27.0	28.0	29.0	30.0	31.0	32.0	33.0	34.0	35.0	36.0	37.0
GM83_trimmed_clipped_R1_paired	1.0	36.0	14.0	5.0	768.0	2265.0	1565.0	4444.0	11113.0	29273.0	64333.0	131449.0	219806.0	352452.0	559322.0	1142326.0	4688539.0	384636.0
	20.0	21.0	22.0	23.0	24.0	25.0	26.0	27.0	28.0	29.0	30.0	31.0	32.0	33.0	34.0	35.0	36.0	37.0
GM83_trimmed_clipped_R2_paired	3.0	476.0	280.0	193.0	8034.0	14304.0	11711.0	21809.0	33430.0	58236.0	95618.0	179063.0	300232.0	528019.0	951960.0	2002259.0	3258389.0	128331.0
	21.0	22.0	23.0	24.0	25.0	26.0	27.0	28.0	29.0	30.0	31.0	32.0	33.0	34.0	35.0	36.0	37.0
GM84_trimmed_clipped_R1_paired	35.0	22.0	18.0	866.0	2371.0	1653.0	4677.0	11381.0	30404.0	67436.0	139090.0	234492.0	377412.0	606785.0	1242001.0	5102588.0	427615.0
	20.0	21.0	22.0	23.0	24.0	25.0	26.0	27.0	28.0	29.0	30.0	31.0	32.0	33.0	34.0	35.0	36.0	37.0
GM84_trimmed_clipped_R2_paired	1.0	401.0	264.0	196.0	7381.0	13119.0	11103.0	21028.0	32438.0	58728.0	98696.0	187894.0	315109.0	555849.0	989545.0	2075555.0	3727564.0	153975.0
	21.0	22.0	23.0	24.0	25.0	26.0	27.0	28.0	29.0	30.0	31.0	32.0	33.0	34.0	35.0	36.0	37.0
GM85_trimmed_clipped_R1_paired	37.0	26.0	12.0	723.0	2146.0	1569.0	4491.0	10925.0	28293.0	61383.0	124883.0	210876.0	342234.0	555543.0	1139095.0	4276051.0	327024.0
	20.0	21.0	22.0	23.0	24.0	25.0	26.0	27.0	28.0	29.0	30.0	31.0	32.0	33.0	34.0	35.0	36.0	37.0
GM85_trimmed_clipped_R2_paired	6.0	447.0	241.0	191.0	7314.0	13253.0	11069.0	20238.0	30455.0	54189.0	88390.0	166628.0	282121.0	498060.0	882540.0	1797610.0	3093356.0	139203.0
	21.0	22.0	23.0	24.0	25.0	26.0	27.0	28.0	29.0	30.0	31.0	32.0	33.0	34.0	35.0	36.0	37.0
GM86_trimmed_clipped_R1_paired	24.0	13.0	12.0	676.0	1963.0	1369.0	3682.0	9357.0	24802.0	54673.0	112519.0	190255.0	303897.0	482825.0	981027.0	4092195.0	338226.0
	19.0	20.0	21.0	22.0	23.0	24.0	25.0	26.0	27.0	28.0	29.0	30.0	31.0	32.0	33.0	34.0	35.0	36.0	37.0
GM86_trimmed_clipped_R2_paired	1.0	3.0	424.0	258.0	180.0	6647.0	12108.0	9206.0	17023.0	26404.0	46699.0	76564.0	144839.0	242360.0	424403.0	758780.0	1619309.0	3079142.0	133165.0
	21.0	22.0	23.0	24.0	25.0	26.0	27.0	28.0	29.0	30.0	31.0	32.0	33.0	34.0	35.0	36.0	37.0
GM87_trimmed_clipped_R1_paired	44.0	19.0	21.0	909.0	2446.0	1725.0	5065.0	12083.0	31732.0	69652.0	140094.0	229187.0	361486.0	567057.0	1140092.0	5507679.0	571654.0
	20.0	21.0	22.0	23.0	24.0	25.0	26.0	27.0	28.0	29.0	30.0	31.0	32.0	33.0	34.0	35.0	36.0	37.0
GM87_trimmed_clipped_R2_paired	1.0	305.0	186.0	169.0	5415.0	9445.0	8434.0	16191.0	26069.0	47038.0	78927.0	150237.0	252806.0	451199.0	835928.0	1974289.0	4578528.0	205778.0
	21.0	22.0	23.0	24.0	25.0	26.0	27.0	28.0	29.0	30.0	31.0	32.0	33.0	34.0	35.0	36.0	37.0
GM88_trimmed_clipped_R1_paired	35.0	18.0	9.0	778.0	2157.0	1523.0	4348.0	10378.0	27378.0	59670.0	120131.0	202654.0	322280.0	518204.0	1078390.0	4125115.0	297449.0
	19.0	20.0	21.0	22.0	23.0	24.0	25.0	26.0	27.0	28.0	29.0	30.0	31.0	32.0	33.0	34.0	35.0	36.0	37.0
GM88_trimmed_clipped_R2_paired	1.0	6.0	414.0	210.0	193.0	6960.0	12046.0	9777.0	17990.0	27154.0	47738.0	78695.0	147754.0	247490.0	436978.0	788349.0	1688360.0	3128956.0	131446.0
	21.0	22.0	23.0	24.0	25.0	26.0	27.0	28.0	29.0	30.0	31.0	32.0	33.0	34.0	35.0	36.0	37.0
GM89_trimmed_clipped_R1_paired	30.0	19.0	8.0	708.0	2086.0	1419.0	3994.0	10041.0	27400.0	61679.0	128879.0	218745.0	357504.0	588136.0	1242574.0	5524486.0	491302.0
	20.0	21.0	22.0	23.0	24.0	25.0	26.0	27.0	28.0	29.0	30.0	31.0	32.0	33.0	34.0	35.0	36.0	37.0
GM89_trimmed_clipped_R2_paired	3.0	400.0	220.0	175.0	6678.0	12030.0	9530.0	17740.0	27607.0	49500.0	83124.0	157590.0	269327.0	484416.0	894462.0	2004672.0	4445950.0	195586.0
	21.0	22.0	23.0	24.0	25.0	26.0	27.0	28.0	29.0	30.0	31.0	32.0	33.0	34.0	35.0	36.0	37.0
GM8_trimmed_clipped_R1_paired	28.0	21.0	9.0	713.0	1914.0	1369.0	3876.0	9340.0	24603.0	54871.0	112295.0	188705.0	300467.0	478970.0	971402.0	4295717.0	366326.0
	19.0	20.0	21.0	22.0	23.0	24.0	25.0	26.0	27.0	28.0	29.0	30.0	31.0	32.0	33.0	34.0	35.0	36.0	37.0
GM8_trimmed_clipped_R2_paired	1.0	3.0	292.0	175.0	139.0	5112.0	9045.0	6988.0	13148.0	20622.0	36685.0	61635.0	117189.0	198840.0	352560.0	648729.0	1546442.0	3636306.0	156715.0
	21.0	22.0	23.0	24.0	25.0	26.0	27.0	28.0	29.0	30.0	31.0	32.0	33.0	34.0	35.0	36.0	37.0
GM90_trimmed_clipped_R1_paired	39.0	21.0	13.0	887.0	2435.0	1757.0	4938.0	11907.0	32051.0	69268.0	140194.0	232649.0	368284.0	579387.0	1160850.0	4882713.0	419630.0
	20.0	21.0	22.0	23.0	24.0	25.0	26.0	27.0	28.0	29.0	30.0	31.0	32.0	33.0	34.0	35.0	36.0	37.0
GM90_trimmed_clipped_R2_paired	3.0	397.0	226.0	186.0	6590.0	11739.0	9365.0	17415.0	26610.0	48019.0	79894.0	153049.0	256358.0	451172.0	813370.0	1800129.0	4030360.0	202141.0
	20.0	21.0	22.0	23.0	24.0	25.0	26.0	27.0	28.0	29.0	30.0	31.0	32.0	33.0	34.0	35.0	36.0	37.0
GM91_trimmed_clipped_R1_paired	2.0	24.0	18.0	11.0	827.0	2229.0	1574.0	4469.0	11005.0	28794.0	63649.0	130182.0	218908.0	351064.0	560532.0	1133750.0	4646558.0	401241.0
	20.0	21.0	22.0	23.0	24.0	25.0	26.0	27.0	28.0	29.0	30.0	31.0	32.0	33.0	34.0	35.0	36.0	37.0
GM91_trimmed_clipped_R2_paired	9.0	329.0	161.0	139.0	4990.0	9098.0	7688.0	14263.0	22007.0	39897.0	68930.0	134186.0	231976.0	416186.0	759056.0	1690587.0	3951947.0	203388.0
	21.0	22.0	23.0	24.0	25.0	26.0	27.0	28.0	29.0	30.0	31.0	32.0	33.0	34.0	35.0	36.0	37.0
GM92_trimmed_clipped_R1_paired	24.0	18.0	7.0	704.0	1982.0	1440.0	3883.0	9724.0	25893.0	55791.0	113174.0	190433.0	304988.0	487551.0	1002991.0	4112338.0	328112.0
	20.0	21.0	22.0	23.0	24.0	25.0	26.0	27.0	28.0	29.0	30.0	31.0	32.0	33.0	34.0	35.0	36.0	37.0
GM92_trimmed_clipped_R2_paired	2.0	365.0	216.0	171.0	6233.0	11202.0	9618.0	17943.0	27665.0	49358.0	81324.0	152992.0	255806.0	450928.0	810121.0	1710944.0	2934597.0	119568.0
	20.0	21.0	22.0	23.0	24.0	25.0	26.0	27.0	28.0	29.0	30.0	31.0	32.0	33.0	34.0	35.0	36.0	37.0
GM93_trimmed_clipped_R1_paired	1.0	36.0	25.0	17.0	988.0	2581.0	1895.0	5424.0	13303.0	35200.0	77357.0	157604.0	259156.0	409218.0	640652.0	1271115.0	5379439.0	490404.0
	20.0	21.0	22.0	23.0	24.0	25.0	26.0	27.0	28.0	29.0	30.0	31.0	32.0	33.0	34.0	35.0	36.0	37.0
GM93_trimmed_clipped_R2_paired	4.0	463.0	223.0	177.0	7037.0	12694.0	10087.0	18781.0	29188.0	52638.0	88209.0	168084.0	282350.0	495120.0	893685.0	2000102.0	4474319.0	211254.0
	21.0	22.0	23.0	24.0	25.0	26.0	27.0	28.0	29.0	30.0	31.0	32.0	33.0	34.0	35.0	36.0	37.0
GM94_trimmed_clipped_R1_paired	25.0	14.0	6.0	574.0	1800.0	1264.0	3357.0	8431.0	23118.0	52093.0	108639.0	184868.0	302181.0	493525.0	1023975.0	4133315.0	323617.0
	20.0	21.0	22.0	23.0	24.0	25.0	26.0	27.0	28.0	29.0	30.0	31.0	32.0	33.0	34.0	35.0	36.0	37.0
GM94_trimmed_clipped_R2_paired	4.0	525.0	323.0	270.0	9772.0	17994.0	16011.0	30453.0	47296.0	84681.0	139527.0	261903.0	437517.0	742134.0	1199623.0	1883732.0	1710783.0	78254.0
	20.0	21.0	22.0	23.0	24.0	25.0	26.0	27.0	28.0	29.0	30.0	31.0	32.0	33.0	34.0	35.0	36.0	37.0
GM95_trimmed_clipped_R1_paired	1.0	36.0	19.0	19.0	910.0	2557.0	1784.0	4858.0	12004.0	31589.0	70040.0	144067.0	247203.0	401163.0	652927.0	1341939.0	4814700.0	339163.0
	20.0	21.0	22.0	23.0	24.0	25.0	26.0	27.0	28.0	29.0	30.0	31.0	32.0	33.0	34.0	35.0	36.0	37.0
GM95_trimmed_clipped_R2_paired	8.0	583.0	325.0	235.0	8662.0	15852.0	12546.0	22888.0	35073.0	62067.0	101368.0	193168.0	322695.0	564224.0	994071.0	2027338.0	3553864.0	150012.0
	20.0	21.0	22.0	23.0	24.0	25.0	26.0	27.0	28.0	29.0	30.0	31.0	32.0	33.0	34.0	35.0	36.0	37.0
GM96_trimmed_clipped_R1_paired	1.0	34.0	24.0	10.0	942.0	2736.0	1927.0	5379.0	12849.0	33794.0	72773.0	148140.0	244943.0	387725.0	612943.0	1243821.0	5242287.0	447002.0
	20.0	21.0	22.0	23.0	24.0	25.0	26.0	27.0	28.0	29.0	30.0	31.0	32.0	33.0	34.0	35.0	36.0	37.0
GM96_trimmed_clipped_R2_paired	5.0	390.0	233.0	168.0	6592.0	11384.0	9544.0	17721.0	27740.0	49773.0	83674.0	159899.0	271261.0	478083.0	862588.0	1926059.0	4343892.0	208324.0
	21.0	22.0	23.0	24.0	25.0	26.0	27.0	28.0	29.0	30.0	31.0	32.0	33.0	34.0	35.0	36.0	37.0
GM97_trimmed_clipped_R1_paired	29.0	25.0	11.0	716.0	2139.0	1482.0	4286.0	10492.0	27861.0	60860.0	123205.0	205897.0	329038.0	521032.0	1054189.0	4689536.0	412504.0
	20.0	21.0	22.0	23.0	24.0	25.0	26.0	27.0	28.0	29.0	30.0	31.0	32.0	33.0	34.0	35.0	36.0	37.0
GM97_trimmed_clipped_R2_paired	2.0	334.0	181.0	159.0	5435.0	9538.0	7828.0	14710.0	22668.0	41207.0	68853.0	131981.0	220528.0	387921.0	712101.0	1690142.0	3958202.0	171512.0
	21.0	22.0	23.0	24.0	25.0	26.0	27.0	28.0	29.0	30.0	31.0	32.0	33.0	34.0	35.0	36.0	37.0
GM98_trimmed_clipped_R1_paired	39.0	22.0	12.0	888.0	2498.0	1822.0	4916.0	12245.0	31926.0	69740.0	142642.0	238917.0	381868.0	612130.0	1252573.0	5045233.0	408203.0
	19.0	20.0	21.0	22.0	23.0	24.0	25.0	26.0	27.0	28.0	29.0	30.0	31.0	32.0	33.0	34.0	35.0	36.0	37.0
GM98_trimmed_clipped_R2_paired	1.0	3.0	561.0	315.0	227.0	8672.0	15566.0	12156.0	22164.0	33909.0	59003.0	96310.0	181736.0	301490.0	525007.0	931592.0	1962115.0	3874060.0	180787.0
	17.0	18.0	19.0	20.0	21.0	22.0	23.0	24.0	25.0	26.0	27.0	28.0	29.0	30.0	31.0	32.0	33.0	34.0	35.0	36.0	37.0
GM99_trimmed_clipped_R1_paired	1.0	0.0	0.0	0.0	45.0	13.0	11.0	833.0	2442.0	1712.0	4885.0	11988.0	31919.0	69916.0	141710.0	236267.0	373895.0	596245.0	1207945.0	4881609.0	400758.0
	19.0	20.0	21.0	22.0	23.0	24.0	25.0	26.0	27.0	28.0	29.0	30.0	31.0	32.0	33.0	34.0	35.0	36.0	37.0
GM99_trimmed_clipped_R2_paired	1.0	1.0	400.0	241.0	188.0	6973.0	12461.0	10159.0	18921.0	29161.0	51585.0	85648.0	161299.0	270932.0	475817.0	854326.0	1864678.0	3933423.0	185980.0
	20.0	21.0	22.0	23.0	24.0	25.0	26.0	27.0	28.0	29.0	30.0	31.0	32.0	33.0	34.0	35.0	36.0	37.0
GM9_trimmed_clipped_R1_paired	1.0	36.0	14.0	13.0	694.0	2079.0	1342.0	3935.0	9777.0	26169.0	58699.0	121144.0	203064.0	326022.0	516774.0	1036205.0	4653270.0	422617.0
	19.0	20.0	21.0	22.0	23.0	24.0	25.0	26.0	27.0	28.0	29.0	30.0	31.0	32.0	33.0	34.0	35.0	36.0	37.0
GM9_trimmed_clipped_R2_paired	1.0	1.0	322.0	202.0	136.0	5285.0	9234.0	7925.0	14982.0	23381.0	43210.0	74561.0	141090.0	239661.0	426045.0	789641.0	1833665.0	3637017.0	135496.0

