Sample	2	7	12	17	22	27	32	37	42	47	52	57	62	67	72	77	82	87	92	97	102	107	112	117	122	127	132	137	142	147	150
GM100_trimmed_clipped_R1_paired	16659.0	17202.0	17441.0	19350.0	27617.0	39834.0	40493.0	41412.0	42385.0	42553.0	42519.0	42599.0	42469.0	41855.0	42659.0	42407.0	42495.0	41922.0	42367.0	43237.0	42462.0	41758.0	42396.0	42091.0	43146.0	43159.0	44158.0	45192.0	44478.0	12815.0	5890514.0
GM100_trimmed_clipped_R2_paired	61548.0	55298.0	43707.0	40312.0	39902.0	40453.0	40803.0	40768.0	41509.0	42529.0	43862.0	44632.0	45346.0	46025.0	46566.0	47547.0	47635.0	48046.0	48169.0	48290.0	49568.0	48518.0	49824.0	49377.0	50262.0	51393.0	52650.0	53702.0	53950.0	16265.0	5633188.0
GM101_trimmed_clipped_R1_paired	14395.0	15489.0	15736.0	17781.0	26411.0	38173.0	39716.0	40872.0	41353.0	41886.0	41307.0	41767.0	41839.0	41724.0	41850.0	41943.0	41432.0	40869.0	41504.0	41487.0	41625.0	41767.0	40856.0	41496.0	42318.0	43477.0	43919.0	44991.0	43400.0	12768.0	5700904.0
GM101_trimmed_clipped_R2_paired	40868.0	39613.0	33422.0	31969.0	32111.0	32811.0	34026.0	34026.0	35743.0	36474.0	37617.0	38233.0	39555.0	39936.0	40579.0	41348.0	42292.0	42274.0	42707.0	43324.0	44332.0	43870.0	44880.0	45779.0	46087.0	46969.0	48248.0	49079.0	49378.0	14782.0	5612723.0
GM102_trimmed_clipped_R1_paired	21491.0	22062.0	22268.0	24073.0	34123.0	49213.0	49921.0	50831.0	51952.0	52341.0	52360.0	52778.0	52347.0	52823.0	52805.0	52780.0	52702.0	53391.0	53366.0	53710.0	53926.0	53781.0	54719.0	55732.0	56881.0	56929.0	58345.0	61198.0	60956.0	17204.0	8292349.0
GM102_trimmed_clipped_R2_paired	75574.0	73132.0	63796.0	60359.0	59426.0	59664.0	59204.0	58861.0	60753.0	62370.0	64083.0	65589.0	66583.0	67483.0	68518.0	70032.0	69885.0	71707.0	72916.0	73648.0	74564.0	75549.0	80893.0	80040.0	80688.0	81015.0	84027.0	87906.0	90007.0	27192.0	7643893.0
GM103_trimmed_clipped_R1_paired	15265.0	16372.0	16251.0	17252.0	24910.0	35915.0	36628.0	37433.0	38202.0	38951.0	39188.0	39530.0	39136.0	39006.0	39295.0	39630.0	39510.0	39268.0	39158.0	39786.0	39282.0	39458.0	39150.0	39554.0	40387.0	40552.0	40781.0	42130.0	42106.0	12100.0	5626260.0
GM103_trimmed_clipped_R2_paired	46814.0	48790.0	41455.0	39159.0	39000.0	39257.0	39466.0	40607.0	41764.0	43148.0	44472.0	45480.0	46070.0	46263.0	47426.0	48329.0	48075.0	48411.0	48788.0	49693.0	50565.0	49697.0	50878.0	51114.0	52059.0	52462.0	53504.0	55158.0	55718.0	16836.0	5291988.0
GM104_trimmed_clipped_R1_paired	20388.0	21800.0	21909.0	24031.0	34293.0	50013.0	51053.0	52048.0	53393.0	53498.0	54078.0	53983.0	53875.0	53380.0	53417.0	53757.0	53495.0	53395.0	53232.0	54165.0	52736.0	53377.0	53494.0	53332.0	54323.0	54429.0	55015.0	57174.0	56319.0	16094.0	7494739.0
GM104_trimmed_clipped_R2_paired	64841.0	61734.0	50345.0	48193.0	47619.0	48437.0	48827.0	49779.0	51780.0	53098.0	54490.0	55474.0	56402.0	57421.0	58124.0	59607.0	58953.0	59525.0	59895.0	61060.0	61393.0	61485.0	61622.0	62692.0	62630.0	63363.0	65366.0	67252.0	67372.0	20385.0	7221071.0
GM105_trimmed_clipped_R1_paired	13235.0	14125.0	14667.0	16146.0	24201.0	35394.0	36417.0	37618.0	38347.0	39013.0	38985.0	39152.0	39609.0	39313.0	39795.0	39805.0	39437.0	39155.0	39736.0	40429.0	40053.0	40288.0	39350.0	39934.0	40978.0	41875.0	42422.0	42902.0	41425.0	12119.0	5495435.0
GM105_trimmed_clipped_R2_paired	34531.0	34719.0	30723.0	29663.0	30808.0	31261.0	32477.0	33231.0	34931.0	35906.0	37572.0	38073.0	39766.0	40112.0	40524.0	41286.0	42632.0	42609.0	42566.0	43789.0	44654.0	44056.0	45252.0	45694.0	46895.0	47247.0	48351.0	48968.0	49654.0	14428.0	5368982.0
GM106_trimmed_clipped_R1_paired	20406.0	21523.0	22063.0	23813.0	34701.0	50412.0	51131.0	52081.0	53530.0	54536.0	54277.0	53896.0	53473.0	54467.0	54426.0	54315.0	54558.0	53850.0	54438.0	54687.0	54479.0	54421.0	55204.0	55510.0	57003.0	56430.0	57812.0	59512.0	59559.0	16750.0	8211360.0
GM106_trimmed_clipped_R2_paired	69754.0	66594.0	57542.0	54354.0	53559.0	53978.0	53565.0	53860.0	55818.0	57042.0	58528.0	60356.0	61043.0	61851.0	62632.0	63672.0	64196.0	65427.0	65597.0	65980.0	67048.0	68106.0	71379.0	70487.0	71488.0	71302.0	73192.0	76406.0	78416.0	23533.0	7787918.0
GM107_trimmed_clipped_R1_paired	21184.0	22456.0	22947.0	25223.0	37168.0	53079.0	54635.0	56092.0	56965.0	57785.0	57896.0	58423.0	57673.0	58007.0	58221.0	58358.0	58912.0	58302.0	58761.0	59406.0	58474.0	58107.0	58682.0	59268.0	60730.0	60233.0	61342.0	62932.0	62523.0	18186.0	8075204.0
GM107_trimmed_clipped_R2_paired	81766.0	77199.0	62250.0	58078.0	57848.0	57596.0	58305.0	58851.0	60668.0	61323.0	63446.0	64898.0	64819.0	66691.0	67622.0	69046.0	69434.0	69465.0	70558.0	71084.0	72236.0	71290.0	73523.0	73302.0	74162.0	74809.0	76683.0	80107.0	80066.0	24352.0	7615697.0
GM108_trimmed_clipped_R1_paired	18826.0	20034.0	20302.0	21947.0	31454.0	45870.0	46213.0	47520.0	47917.0	48342.0	48336.0	48742.0	48197.0	48539.0	48016.0	48378.0	48083.0	48084.0	48083.0	48862.0	47912.0	47951.0	48164.0	48256.0	49297.0	48844.0	49945.0	51930.0	50624.0	14876.0	6594640.0
GM108_trimmed_clipped_R2_paired	63207.0	59693.0	47854.0	44461.0	44151.0	44454.0	45116.0	45633.0	46937.0	47797.0	49316.0	49808.0	50562.0	51242.0	52390.0	53297.0	53368.0	54052.0	54348.0	55221.0	55115.0	55156.0	56473.0	56025.0	57309.0	57352.0	58704.0	60723.0	60376.0	18076.0	6335968.0
GM109_trimmed_clipped_R1_paired	16118.0	17197.0	17389.0	19142.0	27072.0	39698.0	40653.0	41202.0	42270.0	42706.0	43165.0	43499.0	42971.0	42872.0	43390.0	42984.0	43640.0	43032.0	43265.0	43585.0	43183.0	42885.0	43638.0	43534.0	44940.0	44740.0	45523.0	47354.0	46538.0	13310.0	5888953.0
GM109_trimmed_clipped_R2_paired	43808.0	43923.0	37191.0	35785.0	36464.0	37744.0	37985.0	38988.0	40687.0	41406.0	43255.0	44414.0	44778.0	45268.0	46288.0	47298.0	47187.0	48294.0	48494.0	49198.0	50115.0	49576.0	50611.0	50684.0	51870.0	52100.0	53645.0	54785.0	55172.0	16424.0	5697011.0
GM10_trimmed_clipped_R1_paired	13812.0	14775.0	14928.0	16919.0	24905.0	36102.0	37302.0	38355.0	38780.0	39276.0	39388.0	39594.0	39079.0	39378.0	39731.0	39500.0	38658.0	39123.0	38868.0	39947.0	39522.0	40019.0	38944.0	39684.0	40541.0	41884.0	41910.0	42543.0	41550.0	12175.0	5466260.0
GM10_trimmed_clipped_R2_paired	37124.0	35334.0	29989.0	29146.0	29312.0	30283.0	31133.0	31408.0	32794.0	33771.0	35001.0	35656.0	36881.0	36743.0	37973.0	38497.0	39411.0	39160.0	39318.0	40484.0	41452.0	41010.0	41600.0	42562.0	42823.0	43866.0	44897.0	45439.0	46279.0	13528.0	5410578.0
GM110_trimmed_clipped_R1_paired	16817.0	18325.0	18416.0	20221.0	29775.0	43188.0	44513.0	45564.0	47062.0	47529.0	48331.0	48508.0	48215.0	48191.0	48304.0	48848.0	48646.0	48375.0	48686.0	49207.0	48162.0	48488.0	49293.0	48759.0	50006.0	50081.0	51014.0	52356.0	51890.0	14995.0	6789311.0
GM110_trimmed_clipped_R2_paired	54740.0	54644.0	46083.0	44043.0	44371.0	45142.0	45506.0	46948.0	48364.0	49156.0	50615.0	51929.0	52557.0	53224.0	54543.0	55231.0	55232.0	56022.0	56690.0	57894.0	58253.0	57153.0	58654.0	58792.0	60027.0	60154.0	61500.0	63375.0	62745.0	18830.0	6488659.0
GM111_trimmed_clipped_R1_paired	17798.0	19035.0	19563.0	22016.0	33082.0	48479.0	51058.0	51971.0	54060.0	54721.0	54145.0	54834.0	54497.0	54854.0	55136.0	55528.0	54429.0	54791.0	54786.0	55507.0	55213.0	55437.0	54453.0	54861.0	55774.0	57495.0	57709.0	59024.0	57147.0	16715.0	7304854.0
GM111_trimmed_clipped_R2_paired	51203.0	48634.0	43135.0	40642.0	42413.0	42839.0	44206.0	45205.0	47372.0	48740.0	50803.0	51616.0	52481.0	53969.0	54440.0	55395.0	56550.0	56595.0	55988.0	57426.0	58856.0	58583.0	59197.0	60094.0	60827.0	62364.0	63281.0	64468.0	65182.0	19015.0	7177453.0
GM112_trimmed_clipped_R1_paired	17585.0	18567.0	18625.0	20700.0	29510.0	43109.0	43967.0	44395.0	45108.0	45634.0	46007.0	46056.0	45703.0	45530.0	46078.0	45412.0	46189.0	45144.0	45757.0	46372.0	45345.0	45731.0	45933.0	45801.0	46761.0	46745.0	47620.0	49475.0	48062.0	14120.0	6424517.0
GM112_trimmed_clipped_R2_paired	52786.0	50617.0	42442.0	40288.0	39962.0	41203.0	41748.0	41892.0	43484.0	44587.0	46077.0	47437.0	47754.0	48411.0	49525.0	50020.0	50567.0	50999.0	51123.0	52055.0	52176.0	51914.0	52910.0	52860.0	53507.0	54307.0	55232.0	57216.0	57120.0	17174.0	6208165.0
GM113_trimmed_clipped_R1_paired	17057.0	17783.0	18122.0	19760.0	28892.0	42014.0	43715.0	44806.0	45929.0	47022.0	47051.0	47587.0	47257.0	47207.0	47352.0	47909.0	47527.0	47353.0	47590.0	48453.0	47028.0	47164.0	47566.0	47606.0	48683.0	48940.0	49577.0	51275.0	50549.0	14565.0	6539573.0
GM113_trimmed_clipped_R2_paired	63639.0	60419.0	48347.0	45167.0	44877.0	46121.0	46034.0	46997.0	47818.0	49757.0	51315.0	52104.0	52253.0	53421.0	53723.0	55410.0	54869.0	55066.0	55709.0	56499.0	57035.0	56466.0	57187.0	56938.0	57925.0	58279.0	59334.0	60978.0	61530.0	18548.0	6209147.0
GM114_trimmed_clipped_R1_paired	16506.0	17690.0	17906.0	19528.0	28621.0	41060.0	42071.0	42881.0	44118.0	44028.0	44181.0	44474.0	44319.0	44267.0	44511.0	44317.0	44188.0	44016.0	44023.0	44532.0	43728.0	43657.0	44120.0	44151.0	44912.0	44990.0	45635.0	46485.0	46290.0	13384.0	5915320.0
GM114_trimmed_clipped_R2_paired	66194.0	59439.0	48362.0	43746.0	43955.0	43944.0	43890.0	44127.0	45898.0	46919.0	48518.0	49055.0	49229.0	50203.0	50646.0	51749.0	51442.0	52133.0	52348.0	52644.0	53685.0	52504.0	54051.0	54163.0	54833.0	55070.0	56384.0	57939.0	58394.0	17374.0	5581071.0
GM115_trimmed_clipped_R1_paired	16672.0	17718.0	17842.0	19936.0	29065.0	41740.0	43205.0	44043.0	45525.0	45698.0	46056.0	46442.0	46169.0	46403.0	46471.0	46342.0	46528.0	46098.0	46142.0	46800.0	45648.0	45692.0	46328.0	46704.0	47204.0	47307.0	48174.0	49352.0	48443.0	13843.0	6181563.0
GM115_trimmed_clipped_R2_paired	64540.0	61590.0	50530.0	46865.0	46933.0	46052.0	46536.0	46924.0	48097.0	49782.0	50577.0	51898.0	52165.0	52930.0	52972.0	54732.0	54561.0	54793.0	54878.0	56048.0	56549.0	55847.0	57058.0	56997.0	57790.0	58201.0	60312.0	61257.0	61540.0	18565.0	5817634.0
GM116_trimmed_clipped_R1_paired	17206.0	18098.0	18509.0	20160.0	29295.0	42600.0	43346.0	44633.0	45437.0	45973.0	46434.0	46710.0	46357.0	46531.0	46469.0	46571.0	46722.0	46700.0	46802.0	47072.0	46439.0	46024.0	46953.0	47222.0	47854.0	48072.0	48497.0	50492.0	49978.0	14384.0	6723111.0
GM116_trimmed_clipped_R2_paired	57656.0	54862.0	45637.0	43093.0	43338.0	44225.0	44575.0	45117.0	46661.0	47867.0	49285.0	50326.0	51300.0	52324.0	52487.0	53608.0	53427.0	54348.0	54549.0	55635.0	56016.0	55623.0	56649.0	57301.0	58353.0	58695.0	60103.0	62162.0	62272.0	18820.0	6414337.0
GM117_trimmed_clipped_R1_paired	22495.0	21316.0	22061.0	24156.0	35922.0	48700.0	50565.0	51367.0	53425.0	54149.0	56901.0	52445.0	57048.0	55577.0	56837.0	56735.0	55209.0	55473.0	55676.0	53581.0	53213.0	54470.0	54802.0	55825.0	58055.0	57277.0	57452.0	58658.0	55296.0	15358.0	8149638.0
GM117_trimmed_clipped_R2_paired	64454.0	64369.0	55964.0	56614.0	52878.0	55910.0	55123.0	54386.0	54048.0	53931.0	58078.0	58394.0	61834.0	61743.0	62596.0	64096.0	64032.0	67215.0	66532.0	66776.0	69809.0	71177.0	72777.0	77079.0	69253.0	69579.0	70713.0	75072.0	77694.0	23788.0	7733768.0
GM118_trimmed_clipped_R1_paired	21344.0	19867.0	20734.0	22980.0	33919.0	46634.0	48836.0	50017.0	51029.0	51853.0	54878.0	51227.0	54348.0	53150.0	54738.0	54088.0	53582.0	52919.0	52985.0	51471.0	51006.0	51949.0	52364.0	52851.0	54884.0	53655.0	54288.0	56192.0	52486.0	14577.0	7924390.0
GM118_trimmed_clipped_R2_paired	83013.0	77949.0	63401.0	61545.0	56587.0	59567.0	58143.0	56879.0	55068.0	54966.0	59037.0	59177.0	62938.0	61482.0	62098.0	63645.0	63542.0	65985.0	65417.0	65391.0	67476.0	68806.0	70799.0	74382.0	66403.0	66497.0	67453.0	72570.0	75393.0	22735.0	7410897.0
GM119_trimmed_clipped_R1_paired	26129.0	24887.0	25750.0	27705.0	40326.0	56205.0	58609.0	58935.0	61691.0	62975.0	65601.0	61276.0	65643.0	63951.0	65719.0	65434.0	63810.0	63413.0	63880.0	62116.0	60982.0	62213.0	63171.0	62864.0	65340.0	63782.0	65088.0	66246.0	63232.0	17289.0	8936268.0
GM119_trimmed_clipped_R2_paired	100223.0	98599.0	82196.0	79708.0	72194.0	76652.0	74824.0	72804.0	71055.0	70108.0	75736.0	76030.0	80216.0	78483.0	78243.0	80529.0	80765.0	83537.0	82733.0	82115.0	85621.0	87139.0	88927.0	93426.0	83286.0	83450.0	84728.0	91293.0	94517.0	29035.0	8192358.0
GM11_trimmed_clipped_R1_paired	15065.0	15995.0	16551.0	18763.0	28123.0	40486.0	42442.0	43709.0	45097.0	45482.0	45797.0	45630.0	45705.0	45913.0	45705.0	46235.0	45518.0	45796.0	46193.0	46653.0	46598.0	46928.0	46713.0	46621.0	47654.0	48839.0	49370.0	51318.0	50179.0	14503.0	6866544.0
GM11_trimmed_clipped_R2_paired	51367.0	50023.0	43002.0	41110.0	41556.0	42347.0	42845.0	42783.0	45567.0	46496.0	47651.0	48652.0	50677.0	51221.0	51795.0	53003.0	53728.0	54297.0	54831.0	55406.0	56245.0	55920.0	58607.0	58928.0	58825.0	59668.0	61052.0	64250.0	66013.0	19444.0	6558816.0
GM120_trimmed_clipped_R1_paired	22686.0	20834.0	22526.0	24327.0	35502.0	49258.0	51950.0	52133.0	54461.0	55263.0	58341.0	54810.0	58262.0	56448.0	58404.0	58101.0	57159.0	57064.0	56894.0	55577.0	54823.0	55508.0	55912.0	56315.0	58305.0	56512.0	58275.0	60394.0	56610.0	15624.0	8468182.0
GM120_trimmed_clipped_R2_paired	85737.0	83642.0	68081.0	67535.0	62082.0	65636.0	65280.0	62762.0	61549.0	61484.0	66395.0	66641.0	70590.0	69061.0	69519.0	71624.0	71144.0	73661.0	73499.0	72863.0	76312.0	77074.0	79597.0	83698.0	74903.0	74104.0	75635.0	81679.0	84537.0	26373.0	7833763.0
GM121_trimmed_clipped_R1_paired	24593.0	23266.0	24068.0	26250.0	37768.0	52154.0	54045.0	54058.0	56217.0	57203.0	59451.0	56091.0	59984.0	58183.0	60196.0	60145.0	59050.0	58289.0	58303.0	57259.0	56712.0	57146.0	58142.0	59165.0	61366.0	60595.0	61429.0	63620.0	59204.0	16416.0	9021435.0
GM121_trimmed_clipped_R2_paired	64330.0	64048.0	55404.0	56903.0	53062.0	56588.0	56742.0	55550.0	55405.0	55405.0	59492.0	60678.0	64356.0	63619.0	64578.0	66128.0	66658.0	69221.0	68598.0	69280.0	72460.0	73346.0	76757.0	80176.0	72324.0	72876.0	74379.0	79093.0	82253.0	25269.0	8636825.0
GM122_trimmed_clipped_R1_paired	17653.0	18817.0	19479.0	20314.0	28770.0	42387.0	44500.0	45954.0	46838.0	47130.0	47313.0	46052.0	46822.0	47204.0	47651.0	47992.0	48620.0	48192.0	48688.0	48205.0	48805.0	47818.0	48777.0	48492.0	49577.0	49553.0	51592.0	52517.0	50003.0	14235.0	8266155.0
GM122_trimmed_clipped_R2_paired	75733.0	73929.0	68535.0	62831.0	63452.0	64023.0	65181.0	62026.0	65587.0	67696.0	70935.0	69534.0	69005.0	70623.0	68910.0	71216.0	73149.0	75692.0	78114.0	74789.0	70046.0	73826.0	78306.0	78060.0	73593.0	70449.0	74857.0	75643.0	76235.0	23122.0	7451008.0
GM123_trimmed_clipped_R1_paired	16627.0	17334.0	17942.0	18751.0	26766.0	40452.0	41996.0	42415.0	43594.0	44362.0	43939.0	42459.0	43020.0	43562.0	43834.0	44744.0	44560.0	44122.0	44357.0	44283.0	44620.0	43744.0	43899.0	43722.0	44258.0	44110.0	45374.0	47407.0	45320.0	12763.0	7261142.0
GM123_trimmed_clipped_R2_paired	65738.0	62215.0	55605.0	50949.0	51197.0	52255.0	53121.0	50022.0	53196.0	55174.0	57513.0	56981.0	56575.0	57922.0	57129.0	58488.0	60123.0	61362.0	63297.0	60925.0	57122.0	59973.0	62602.0	62802.0	58981.0	56333.0	59384.0	61100.0	61605.0	18629.0	6727160.0
GM124_trimmed_clipped_R1_paired	19031.0	20253.0	20781.0	22628.0	32169.0	47894.0	49576.0	50806.0	52161.0	53338.0	52718.0	51378.0	51506.0	52641.0	52197.0	52973.0	52963.0	52657.0	53218.0	52636.0	52749.0	52154.0	52536.0	52160.0	53618.0	53088.0	54940.0	56576.0	54331.0	15343.0	8682135.0
GM124_trimmed_clipped_R2_paired	69329.0	68535.0	61492.0	56786.0	57952.0	58990.0	60219.0	57868.0	60325.0	63195.0	66353.0	65615.0	65147.0	67209.0	66242.0	67443.0	69471.0	71544.0	73000.0	70950.0	66256.0	69651.0	73282.0	73792.0	68717.0	66753.0	70040.0	71881.0	72092.0	21330.0	8121695.0
GM125_trimmed_clipped_R1_paired	18659.0	19946.0	20601.0	21678.0	31119.0	46765.0	48504.0	48996.0	50588.0	51235.0	51167.0	49602.0	49954.0	50611.0	50675.0	51513.0	50956.0	50563.0	50931.0	51133.0	50571.0	50575.0	50371.0	50337.0	50910.0	51058.0	53060.0	54182.0	52191.0	14807.0	8264555.0
GM125_trimmed_clipped_R2_paired	89010.0	79506.0	68337.0	62029.0	61041.0	62259.0	63180.0	59618.0	62539.0	64438.0	67715.0	66877.0	65996.0	67868.0	66534.0	67943.0	69494.0	72026.0	73960.0	70616.0	65685.0	69515.0	73101.0	73191.0	68979.0	65861.0	69726.0	71655.0	72321.0	21691.0	7595102.0
GM126_trimmed_clipped_R1_paired	17442.0	18007.0	18644.0	19387.0	27887.0	41047.0	42995.0	43811.0	45221.0	45160.0	45232.0	43781.0	44666.0	45415.0	45575.0	45836.0	45802.0	44960.0	45221.0	45253.0	44896.0	44681.0	44835.0	44627.0	45246.0	45101.0	46888.0	48099.0	46385.0	13147.0	7365336.0
GM126_trimmed_clipped_R2_paired	78373.0	72134.0	63511.0	57105.0	56362.0	56799.0	57915.0	54398.0	57525.0	59258.0	61716.0	60874.0	59823.0	61346.0	61060.0	61960.0	63151.0	64474.0	66841.0	63604.0	59015.0	62603.0	65136.0	65454.0	61770.0	59120.0	61841.0	63781.0	64393.0	19164.0	6740077.0
GM127_trimmed_clipped_R1_paired	16957.0	17994.0	18721.0	20675.0	30523.0	44887.0	46970.0	47982.0	49333.0	49160.0	50157.0	50217.0	50115.0	50110.0	50663.0	50596.0	49480.0	49972.0	49511.0	50818.0	49942.0	50912.0	49029.0	49759.0	50833.0	52792.0	52349.0	53574.0	51884.0	15317.0	6798702.0
GM127_trimmed_clipped_R2_paired	51188.0	47408.0	41819.0	39490.0	40865.0	41469.0	42567.0	42809.0	45027.0	46582.0	48006.0	48652.0	49908.0	50775.0	51048.0	52287.0	53580.0	52977.0	53292.0	54528.0	55007.0	54309.0	55286.0	56085.0	57068.0	58114.0	59191.0	60458.0	61235.0	17970.0	6630934.0
GM128_trimmed_clipped_R1_paired	18567.0	19307.0	20335.0	20925.0	29922.0	45401.0	47497.0	48258.0	49735.0	51007.0	50146.0	48601.0	49573.0	50318.0	50773.0	51321.0	51280.0	50467.0	51370.0	50717.0	51319.0	50861.0	51464.0	51379.0	52614.0	52686.0	53915.0	54192.0	52251.0	14839.0	8224834.0
GM128_trimmed_clipped_R2_paired	80311.0	72223.0	64628.0	58710.0	59675.0	59695.0	60189.0	57294.0	60145.0	62319.0	64881.0	65006.0	64176.0	66219.0	65414.0	67142.0	69233.0	71745.0	74112.0	70833.0	66632.0	70167.0	73555.0	73775.0	70367.0	67213.0	70814.0	71411.0	71541.0	21444.0	7595005.0
GM129_trimmed_clipped_R1_paired	18424.0	19281.0	20000.0	21015.0	29586.0	44610.0	46930.0	47869.0	49291.0	50365.0	49640.0	48454.0	49329.0	50295.0	49935.0	51201.0	51421.0	50973.0	51344.0	50765.0	50619.0	50236.0	50010.0	50295.0	51049.0	50994.0	52597.0	54709.0	52212.0	14932.0	8547168.0
GM129_trimmed_clipped_R2_paired	85460.0	82143.0	73942.0	66950.0	66848.0	67669.0	69239.0	64802.0	68606.0	71312.0	74525.0	72991.0	71964.0	74213.0	72676.0	74587.0	75711.0	77988.0	80673.0	76573.0	72264.0	75469.0	79398.0	79086.0	74166.0	71784.0	74710.0	76891.0	77763.0	23929.0	7701217.0
GM12_trimmed_clipped_R1_paired	14629.0	15543.0	16280.0	18165.0	26461.0	37997.0	39571.0	40527.0	41217.0	41559.0	41443.0	41625.0	41231.0	41216.0	41894.0	41724.0	41003.0	41040.0	42186.0	42662.0	42193.0	42289.0	42151.0	43582.0	44459.0	45206.0	45961.0	46404.0	45256.0	12960.0	6256503.0
GM12_trimmed_clipped_R2_paired	40463.0	38909.0	34424.0	33556.0	34062.0	34418.0	35065.0	35170.0	36830.0	37770.0	38942.0	39514.0	40793.0	41239.0	42589.0	43272.0	44030.0	44591.0	44595.0	45402.0	46253.0	47202.0	49103.0	50039.0	49618.0	50263.0	51730.0	52936.0	53691.0	15796.0	6122672.0
GM130_trimmed_clipped_R1_paired	16616.0	17799.0	18666.0	19428.0	27694.0	41114.0	42985.0	43811.0	45180.0	45529.0	44657.0	43617.0	44458.0	44663.0	44377.0	44946.0	45231.0	44372.0	45073.0	44345.0	44539.0	44451.0	44553.0	44291.0	45714.0	46264.0	47681.0	47627.0	45942.0	12961.0	7318267.0
GM130_trimmed_clipped_R2_paired	50275.0	49234.0	45841.0	42648.0	43869.0	44855.0	45769.0	44186.0	45932.0	48180.0	50140.0	50183.0	49879.0	51049.0	51299.0	52256.0	54064.0	55812.0	57281.0	55063.0	51976.0	54530.0	57554.0	57177.0	54913.0	53051.0	55135.0	55753.0	55775.0	16791.0	7006381.0
GM131_trimmed_clipped_R1_paired	18098.0	19565.0	20579.0	21546.0	30267.0	45355.0	47547.0	48394.0	48730.0	49578.0	48671.0	47532.0	47891.0	48598.0	48496.0	49242.0	49545.0	48616.0	49088.0	48811.0	48901.0	48693.0	48758.0	48957.0	49535.0	49698.0	50785.0	52419.0	50351.0	14234.0	8193178.0
GM131_trimmed_clipped_R2_paired	74561.0	69746.0	62731.0	56473.0	56619.0	57320.0	57616.0	54810.0	57292.0	59376.0	61606.0	61253.0	60731.0	62762.0	62176.0	63350.0	64833.0	67535.0	69347.0	65903.0	61989.0	65123.0	68812.0	68578.0	64660.0	62722.0	65817.0	67429.0	67444.0	20407.0	7632637.0
GM132_trimmed_clipped_R1_paired	17347.0	17799.0	18496.0	19340.0	27099.0	39720.0	41868.0	42265.0	43480.0	43885.0	43088.0	41680.0	41837.0	42504.0	42418.0	42873.0	43101.0	42874.0	42792.0	42534.0	42384.0	42357.0	42173.0	42410.0	43019.0	43325.0	44460.0	46314.0	44147.0	12630.0	7096648.0
GM132_trimmed_clipped_R2_paired	143053.0	96101.0	71987.0	62419.0	61446.0	61443.0	62464.0	57041.0	59571.0	61168.0	64328.0	62882.0	60403.0	62387.0	60404.0	61915.0	63636.0	66208.0	68778.0	65419.0	60477.0	64077.0	67803.0	68304.0	63858.0	61628.0	64700.0	67117.0	68020.0	20330.0	6257500.0
GM133_trimmed_clipped_R1_paired	14223.0	15070.0	15491.0	16189.0	23322.0	34387.0	36413.0	36658.0	37870.0	38519.0	37903.0	36864.0	37587.0	37921.0	37568.0	38641.0	38493.0	38439.0	38636.0	38068.0	38257.0	38208.0	38366.0	38149.0	39240.0	38636.0	40043.0	41252.0	39769.0	11204.0	6517812.0
GM133_trimmed_clipped_R2_paired	48290.0	47708.0	42650.0	39264.0	40047.0	41142.0	42209.0	40376.0	42412.0	44311.0	46142.0	46162.0	45328.0	47371.0	46854.0	48006.0	49399.0	50391.0	52262.0	50659.0	47228.0	49769.0	52520.0	52940.0	49346.0	48222.0	50069.0	51055.0	51753.0	15716.0	6149597.0
GM134_trimmed_clipped_R1_paired	14896.0	15309.0	15983.0	16688.0	24149.0	36167.0	37995.0	38869.0	40313.0	40507.0	40272.0	38765.0	38981.0	39694.0	39955.0	40363.0	40512.0	39946.0	39983.0	39334.0	39484.0	39186.0	39152.0	38983.0	39693.0	39750.0	40548.0	42543.0	40553.0	11455.0	6584443.0
GM134_trimmed_clipped_R2_paired	64229.0	58784.0	51610.0	46600.0	47086.0	47066.0	48235.0	45592.0	47672.0	49192.0	51495.0	51022.0	50437.0	51564.0	50893.0	51744.0	52680.0	54015.0	56265.0	53432.0	49991.0	52316.0	54982.0	55113.0	52143.0	50121.0	52076.0	53954.0	54009.0	16389.0	6113764.0
GM135_trimmed_clipped_R1_paired	18109.0	19536.0	19751.0	22133.0	32746.0	47004.0	48340.0	49445.0	49788.0	50395.0	50161.0	50387.0	50325.0	50135.0	49909.0	50784.0	49719.0	49602.0	49572.0	50434.0	50204.0	50552.0	49645.0	50245.0	51376.0	52997.0	53528.0	53822.0	51833.0	14976.0	6724862.0
GM135_trimmed_clipped_R2_paired	43453.0	43183.0	36780.0	35152.0	36285.0	37258.0	38092.0	38539.0	40561.0	41812.0	43062.0	43686.0	45272.0	45932.0	47078.0	47995.0	48859.0	49170.0	49251.0	50456.0	51772.0	51185.0	52109.0	53410.0	53722.0	54720.0	55950.0	56054.0	56923.0	16855.0	6697739.0
GM136_trimmed_clipped_R1_paired	18499.0	19510.0	20072.0	20868.0	29929.0	45370.0	46860.0	47377.0	48896.0	49527.0	49065.0	47690.0	47995.0	48521.0	48420.0	49392.0	48974.0	48590.0	49121.0	48689.0	48711.0	48368.0	48369.0	48228.0	49400.0	48980.0	50594.0	52376.0	49901.0	14182.0	8147519.0
GM136_trimmed_clipped_R2_paired	80903.0	72393.0	63029.0	57127.0	57404.0	57959.0	58488.0	55646.0	58429.0	60767.0	63057.0	62296.0	61397.0	63724.0	62558.0	63727.0	65215.0	67912.0	69416.0	66666.0	62067.0	64767.0	68507.0	68809.0	64254.0	62332.0	65054.0	67172.0	67581.0	20480.0	7560857.0
GM137_trimmed_clipped_R1_paired	19319.0	20418.0	20975.0	22620.0	32203.0	48562.0	50963.0	52498.0	53758.0	54915.0	54954.0	52745.0	54000.0	54586.0	55063.0	55455.0	55482.0	54878.0	55522.0	54918.0	54951.0	55013.0	55170.0	55112.0	56629.0	55970.0	57690.0	59593.0	57231.0	16063.0	8906890.0
GM137_trimmed_clipped_R2_paired	77511.0	74237.0	66006.0	60756.0	61071.0	62141.0	63996.0	60903.0	63765.0	66465.0	69677.0	69193.0	68463.0	70873.0	69941.0	71781.0	73395.0	75493.0	77609.0	74513.0	70377.0	73680.0	77654.0	77610.0	73283.0	70906.0	74409.0	75033.0	76200.0	22810.0	8284395.0
GM138_trimmed_clipped_R1_paired	17353.0	18213.0	19269.0	20035.0	28356.0	41648.0	43480.0	44106.0	45076.0	45659.0	45218.0	43679.0	44066.0	45155.0	44937.0	45475.0	45811.0	45176.0	45854.0	45110.0	45130.0	45251.0	44983.0	45001.0	45854.0	46283.0	46873.0	48199.0	46076.0	12960.0	7317814.0
GM138_trimmed_clipped_R2_paired	61058.0	57447.0	52165.0	47944.0	48451.0	49064.0	50627.0	47734.0	50203.0	52059.0	55272.0	55359.0	53465.0	56193.0	54866.0	56057.0	57593.0	59237.0	61689.0	58930.0	55106.0	57539.0	60684.0	61277.0	58030.0	56022.0	58736.0	59566.0	60070.0	18082.0	6887575.0
GM139_trimmed_clipped_R1_paired	19405.0	20190.0	20785.0	22279.0	31503.0	47631.0	49102.0	51199.0	52653.0	53363.0	53299.0	51925.0	52042.0	53300.0	52902.0	54058.0	54515.0	53351.0	53768.0	53492.0	53084.0	52409.0	53321.0	53161.0	53260.0	53657.0	55230.0	57212.0	54948.0	15565.0	8512597.0
GM139_trimmed_clipped_R2_paired	85016.0	78574.0	70427.0	63342.0	64245.0	65611.0	66673.0	63787.0	66316.0	69187.0	72226.0	71560.0	70156.0	72590.0	71694.0	72836.0	74325.0	76108.0	78885.0	74802.0	70694.0	73213.0	77640.0	77175.0	72740.0	69334.0	72766.0	74792.0	74871.0	22687.0	7800934.0
GM13_trimmed_clipped_R1_paired	13795.0	14134.0	14532.0	16445.0	24786.0	36324.0	37945.0	39240.0	40266.0	41034.0	40731.0	41755.0	41320.0	41285.0	41681.0	41980.0	41757.0	41397.0	41402.0	42262.0	42116.0	42118.0	41549.0	41913.0	42501.0	44046.0	44095.0	44918.0	43645.0	12743.0	5668925.0
GM13_trimmed_clipped_R2_paired	45111.0	41581.0	35237.0	33995.0	34377.0	35504.0	36086.0	36711.0	39009.0	40018.0	41105.0	42199.0	43411.0	43808.0	44492.0	45408.0	46004.0	46051.0	46176.0	47076.0	47797.0	47298.0	47886.0	48834.0	49282.0	50301.0	50920.0	52057.0	53137.0	15451.0	5476318.0
GM140_trimmed_clipped_R1_paired	17782.0	18779.0	19434.0	20487.0	29800.0	43957.0	46683.0	47160.0	48720.0	49834.0	49265.0	47792.0	48571.0	49116.0	49381.0	50036.0	49814.0	49359.0	49459.0	49060.0	48922.0	48801.0	48413.0	48487.0	49728.0	49046.0	51167.0	52402.0	50733.0	14276.0	8251433.0
GM140_trimmed_clipped_R2_paired	76219.0	72123.0	64056.0	58290.0	58571.0	59071.0	60680.0	57162.0	59977.0	62486.0	64714.0	64077.0	63384.0	65070.0	63886.0	65853.0	67913.0	68791.0	71402.0	67713.0	64354.0	67097.0	70354.0	70490.0	66417.0	63588.0	67078.0	68827.0	68986.0	21015.0	7628253.0
GM141_trimmed_clipped_R1_paired	16654.0	17343.0	18248.0	19296.0	26915.0	39873.0	41594.0	42201.0	43128.0	43814.0	43253.0	41892.0	42473.0	42890.0	43171.0	43743.0	43631.0	43254.0	43431.0	43556.0	42796.0	42782.0	42579.0	42549.0	42877.0	43238.0	44272.0	46179.0	43884.0	12442.0	7111441.0
GM141_trimmed_clipped_R2_paired	55785.0	52884.0	47553.0	43983.0	44480.0	45616.0	46792.0	44393.0	46741.0	48422.0	51172.0	50568.0	50131.0	52512.0	50985.0	52384.0	52863.0	55221.0	56738.0	54670.0	50912.0	53453.0	56162.0	56559.0	52645.0	51364.0	53612.0	55140.0	55624.0	16655.0	6749380.0
GM142_trimmed_clipped_R1_paired	14232.0	15064.0	15905.0	16364.0	23476.0	35257.0	37208.0	37738.0	38913.0	39510.0	39302.0	37546.0	38751.0	39258.0	39145.0	39750.0	39585.0	39181.0	39362.0	39411.0	38974.0	38550.0	38858.0	39117.0	39681.0	39490.0	41022.0	41990.0	40722.0	11245.0	6637793.0
GM142_trimmed_clipped_R2_paired	64810.0	61723.0	55237.0	49548.0	50141.0	50352.0	51424.0	48315.0	51296.0	52847.0	55118.0	54234.0	53101.0	54759.0	54250.0	54770.0	56217.0	57881.0	59739.0	57017.0	53185.0	56270.0	58842.0	59103.0	55522.0	53339.0	56294.0	57426.0	57895.0	17474.0	6054271.0
GM143_trimmed_clipped_R1_paired	14838.0	15725.0	16671.0	17262.0	24441.0	36109.0	37647.0	37787.0	38980.0	39235.0	39229.0	37734.0	38067.0	38511.0	38655.0	39023.0	38875.0	38490.0	38964.0	38393.0	38821.0	38584.0	39074.0	38937.0	39562.0	39238.0	40575.0	41980.0	40447.0	11349.0	6469987.0
GM143_trimmed_clipped_R2_paired	62318.0	57076.0	52442.0	46924.0	47458.0	47600.0	48022.0	45372.0	47479.0	49141.0	51179.0	51141.0	50134.0	51624.0	50872.0	51906.0	53322.0	55194.0	57001.0	54257.0	50862.0	53841.0	56234.0	56898.0	53631.0	51375.0	54535.0	55860.0	56288.0	16934.0	5966270.0
GM144_trimmed_clipped_R1_paired	14993.0	15818.0	16315.0	17040.0	24778.0	36533.0	38330.0	38187.0	39738.0	39926.0	39624.0	37952.0	38439.0	39291.0	39220.0	39957.0	39944.0	38990.0	39737.0	39125.0	39075.0	38921.0	38889.0	39228.0	39201.0	39516.0	40713.0	41626.0	40565.0	11339.0	6551622.0
GM144_trimmed_clipped_R2_paired	64081.0	58414.0	50359.0	45501.0	45257.0	46310.0	46706.0	43606.0	46227.0	47504.0	49292.0	49479.0	48034.0	50016.0	48882.0	50201.0	51389.0	53276.0	54386.0	52151.0	49251.0	51301.0	53648.0	53627.0	50740.0	48597.0	51351.0	52235.0	53030.0	15812.0	6113969.0
GM145_trimmed_clipped_R1_paired	15097.0	15749.0	16762.0	17158.0	24465.0	36117.0	37863.0	37827.0	39278.0	39360.0	39223.0	37788.0	38412.0	38942.0	39130.0	39237.0	39573.0	39040.0	39249.0	38913.0	38746.0	39246.0	39162.0	38802.0	39121.0	39350.0	40903.0	41392.0	40157.0	11202.0	6549928.0
GM145_trimmed_clipped_R2_paired	53107.0	50270.0	45222.0	41633.0	42101.0	43247.0	43836.0	41557.0	43832.0	45817.0	47675.0	47784.0	47038.0	48636.0	48108.0	48619.0	50341.0	51841.0	53813.0	51485.0	49121.0	50995.0	53529.0	53463.0	50155.0	48837.0	51172.0	52076.0	52504.0	15616.0	6163762.0
GM146_trimmed_clipped_R1_paired	18641.0	19034.0	19837.0	20727.0	29719.0	44257.0	46183.0	47802.0	48827.0	48996.0	47511.0	45628.0	47153.0	46913.0	47068.0	47524.0	48429.0	48808.0	49237.0	49457.0	49553.0	50295.0	49958.0	50761.0	51550.0	52791.0	54793.0	57575.0	55106.0	15351.0	9073685.0
GM146_trimmed_clipped_R2_paired	87341.0	80296.0	71142.0	64324.0	64478.0	64310.0	65534.0	62853.0	65535.0	66903.0	69909.0	70744.0	69134.0	71379.0	70743.0	72407.0	74484.0	75970.0	77714.0	75973.0	72817.0	76469.0	79125.0	81395.0	78023.0	77405.0	81239.0	82019.0	81631.0	24818.0	8227055.0
GM147_trimmed_clipped_R1_paired	15307.0	16286.0	16706.0	17507.0	25061.0	36857.0	38524.0	39263.0	39990.0	40564.0	40791.0	39034.0	39769.0	40067.0	40104.0	40778.0	40753.0	40504.0	40860.0	40197.0	40085.0	39774.0	40252.0	40066.0	40966.0	41368.0	42288.0	43676.0	41453.0	11734.0	6776861.0
GM147_trimmed_clipped_R2_paired	58643.0	54473.0	48181.0	44490.0	44457.0	45953.0	46262.0	44734.0	46696.0	49068.0	50114.0	50267.0	49715.0	51209.0	50809.0	51499.0	53364.0	55023.0	56516.0	53893.0	50912.0	53169.0	56166.0	56286.0	53008.0	51265.0	52882.0	55117.0	55743.0	16742.0	6340789.0
GM148_trimmed_clipped_R1_paired	17932.0	18972.0	19647.0	20634.0	29037.0	42909.0	44574.0	45707.0	47116.0	47716.0	47216.0	45808.0	46544.0	47331.0	46953.0	48247.0	47941.0	47427.0	47651.0	47560.0	47798.0	47244.0	47344.0	47192.0	47958.0	47873.0	49550.0	51463.0	49756.0	14128.0	8515650.0
GM148_trimmed_clipped_R2_paired	67861.0	65797.0	59984.0	55227.0	55103.0	56524.0	57798.0	54872.0	58169.0	60211.0	62850.0	62253.0	61204.0	63769.0	63028.0	64521.0	66390.0	68329.0	70292.0	67244.0	63663.0	66630.0	70433.0	69998.0	65898.0	63833.0	66736.0	68912.0	69544.0	20985.0	7904820.0
GM149_trimmed_clipped_R1_paired	15069.0	15949.0	16433.0	17001.0	24254.0	36310.0	37617.0	38234.0	39464.0	39948.0	39709.0	38354.0	38229.0	39208.0	39303.0	39799.0	39539.0	39593.0	39941.0	39593.0	39474.0	39092.0	39328.0	39177.0	40115.0	39700.0	41038.0	42137.0	40426.0	11442.0	6509542.0
GM149_trimmed_clipped_R2_paired	70355.0	63372.0	54645.0	49200.0	48561.0	49050.0	49466.0	46220.0	49323.0	50260.0	52812.0	52038.0	50958.0	53354.0	51591.0	53015.0	54584.0	56410.0	58399.0	55264.0	51650.0	54441.0	57384.0	57481.0	54059.0	52060.0	54691.0	55759.0	56773.0	16694.0	5975149.0
GM14_trimmed_clipped_R1_paired	17383.0	18663.0	18865.0	21279.0	31020.0	45044.0	47054.0	47931.0	48363.0	49302.0	48954.0	49378.0	48540.0	49378.0	48751.0	49319.0	49078.0	49108.0	49119.0	50112.0	49891.0	50250.0	49692.0	50917.0	51954.0	53030.0	53311.0	55166.0	53443.0	15346.0	7588899.0
GM14_trimmed_clipped_R2_paired	52851.0	49384.0	43574.0	42010.0	42527.0	43371.0	43466.0	43519.0	45356.0	46255.0	48514.0	49344.0	50949.0	51668.0	52435.0	53477.0	54377.0	54568.0	55086.0	56335.0	57835.0	57777.0	60342.0	60718.0	60525.0	61679.0	63436.0	65421.0	67086.0	19671.0	7354984.0
GM150_trimmed_clipped_R1_paired	18550.0	19430.0	20224.0	21534.0	30797.0	46455.0	48285.0	49283.0	50269.0	51279.0	50913.0	49437.0	49757.0	50512.0	50611.0	51175.0	50870.0	50473.0	50523.0	50455.0	49969.0	49709.0	49930.0	49616.0	50526.0	49886.0	51557.0	53684.0	51742.0	14665.0	8430446.0
GM150_trimmed_clipped_R2_paired	75138.0	68805.0	61040.0	55510.0	55565.0	56602.0	57876.0	54549.0	57507.0	59182.0	62355.0	61676.0	60622.0	62896.0	61724.0	63397.0	64247.0	66634.0	68585.0	65303.0	61141.0	64531.0	67665.0	67753.0	63640.0	60808.0	64161.0	66144.0	67084.0	19892.0	7920530.0
GM151_trimmed_clipped_R1_paired	15646.0	16458.0	17464.0	18036.0	26136.0	38957.0	40840.0	41366.0	42480.0	43272.0	43335.0	41496.0	41931.0	42696.0	42867.0	43187.0	43239.0	42743.0	42885.0	42512.0	42289.0	42162.0	42298.0	42426.0	42692.0	42520.0	43342.0	45281.0	43792.0	12424.0	6969383.0
GM151_trimmed_clipped_R2_paired	70737.0	64798.0	57162.0	52059.0	51984.0	52678.0	53119.0	49782.0	52321.0	54230.0	56583.0	56499.0	54761.0	56889.0	55537.0	56805.0	57923.0	60227.0	61097.0	58606.0	55283.0	57696.0	60703.0	60198.0	57033.0	54759.0	56674.0	58847.0	59969.0	17875.0	6423321.0
GM152_trimmed_clipped_R1_paired	18022.0	19866.0	20308.0	21441.0	30631.0	46096.0	48480.0	49094.0	50396.0	50877.0	51037.0	49665.0	49532.0	50822.0	50174.0	50817.0	50817.0	50243.0	50983.0	50503.0	50556.0	50477.0	50134.0	50278.0	51419.0	50969.0	53036.0	54070.0	51604.0	14649.0	8263788.0
GM152_trimmed_clipped_R2_paired	82340.0	76199.0	66731.0	59976.0	60254.0	60350.0	61387.0	57833.0	60493.0	62548.0	65548.0	65176.0	64227.0	66158.0	65527.0	66143.0	68081.0	69916.0	72440.0	69284.0	65026.0	68293.0	71798.0	72169.0	67899.0	65407.0	68456.0	69907.0	70064.0	21261.0	7639893.0
GM153_trimmed_clipped_R1_paired	17773.0	18335.0	19560.0	20348.0	28738.0	42647.0	44640.0	45163.0	46313.0	47221.0	46663.0	45564.0	45636.0	46816.0	46732.0	47115.0	47131.0	46615.0	47295.0	46803.0	46885.0	46572.0	46440.0	46525.0	47287.0	47394.0	49027.0	50361.0	48821.0	13742.0	7731377.0
GM153_trimmed_clipped_R2_paired	71106.0	66656.0	61155.0	55288.0	55468.0	55668.0	56755.0	53566.0	56329.0	58694.0	61272.0	60800.0	59365.0	61707.0	60369.0	62357.0	63223.0	65703.0	68066.0	65413.0	60585.0	63971.0	66916.0	67227.0	63428.0	60928.0	63791.0	65228.0	66369.0	19819.0	7154317.0
GM154_trimmed_clipped_R1_paired	16159.0	17666.0	18442.0	18726.0	27003.0	39647.0	41585.0	42219.0	43442.0	44399.0	43436.0	42341.0	43131.0	43444.0	43232.0	43561.0	43783.0	43625.0	44032.0	43604.0	43552.0	43881.0	44041.0	43589.0	44675.0	44988.0	46239.0	47757.0	45479.0	12769.0	7476541.0
GM154_trimmed_clipped_R2_paired	62274.0	59760.0	55365.0	50790.0	50705.0	51588.0	52525.0	49538.0	52393.0	54701.0	56573.0	56200.0	55359.0	57461.0	56481.0	57408.0	59531.0	61159.0	63344.0	60759.0	56963.0	59841.0	63206.0	63495.0	60211.0	58034.0	61237.0	62427.0	62916.0	18765.0	6945979.0
GM155_trimmed_clipped_R1_paired	14652.0	15556.0	16684.0	16880.0	23796.0	35299.0	36896.0	37233.0	38349.0	38951.0	38517.0	37666.0	37965.0	38503.0	38426.0	38603.0	38760.0	38333.0	38788.0	38224.0	38487.0	38182.0	38365.0	38103.0	38604.0	38709.0	39978.0	40885.0	39676.0	11078.0	6409062.0
GM155_trimmed_clipped_R2_paired	54918.0	50803.0	45760.0	41635.0	42199.0	43208.0	44169.0	41833.0	44243.0	46206.0	48331.0	48804.0	47614.0	49753.0	48468.0	50146.0	51953.0	52655.0	54155.0	52424.0	48725.0	51438.0	54189.0	54303.0	51158.0	49388.0	51930.0	53064.0	53637.0	15921.0	5986180.0
GM156_trimmed_clipped_R1_paired	21149.0	21137.0	21154.0	20848.0	28320.0	45570.0	45466.0	44804.0	42909.0	41704.0	41781.0	42190.0	50360.0	43149.0	48272.0	41642.0	45913.0	45278.0	45589.0	46439.0	43107.0	44639.0	43969.0	42788.0	42710.0	46222.0	48652.0	51996.0	51797.0	14784.0	8001277.0
GM156_trimmed_clipped_R2_paired	66354.0	70769.0	60831.0	53958.0	56164.0	61094.0	59199.0	56665.0	56108.0	55478.0	55542.0	55095.0	53444.0	52746.0	48227.0	51640.0	55266.0	60786.0	62597.0	61097.0	59524.0	63052.0	67125.0	70046.0	68824.0	70332.0	68688.0	70272.0	78255.0	23483.0	7422954.0
GM15_trimmed_clipped_R1_paired	17558.0	18158.0	18665.0	21083.0	31328.0	45299.0	46649.0	48736.0	49578.0	49681.0	50330.0	50433.0	50300.0	50174.0	50610.0	50816.0	49888.0	50211.0	49892.0	50728.0	50220.0	51176.0	50126.0	49943.0	50998.0	52040.0	53194.0	54237.0	52878.0	15097.0	6897296.0
GM15_trimmed_clipped_R2_paired	55160.0	52722.0	44085.0	42203.0	42695.0	43357.0	44335.0	45737.0	47298.0	48600.0	50416.0	51181.0	52614.0	52713.0	54239.0	54769.0	55820.0	55903.0	55590.0	56971.0	57641.0	57317.0	57976.0	58609.0	59207.0	60432.0	61964.0	63821.0	64778.0	19157.0	6660012.0
GM160_trimmed_clipped_R1_paired	14537.0	15425.0	16421.0	17133.0	24894.0	37065.0	39346.0	40471.0	41186.0	41419.0	41813.0	40487.0	41238.0	41482.0	41578.0	41638.0	41909.0	42242.0	42817.0	42806.0	42987.0	43341.0	44106.0	44362.0	46580.0	46446.0	48325.0	45517.0	43869.0	12482.0	6191654.0
GM160_trimmed_clipped_R2_paired	61546.0	57430.0	50670.0	46751.0	46105.0	47184.0	48243.0	45680.0	47998.0	49966.0	52012.0	51742.0	51101.0	52995.0	52767.0	54061.0	55951.0	57370.0	60462.0	57701.0	54667.0	57966.0	61171.0	61978.0	59521.0	57548.0	60329.0	58159.0	58116.0	17614.0	5720772.0
GM16_trimmed_clipped_R1_paired	16909.0	18085.0	18379.0	20760.0	30628.0	44404.0	45858.0	46602.0	47764.0	47524.0	48002.0	47926.0	47439.0	47419.0	47829.0	47996.0	47502.0	47180.0	47395.0	48415.0	48324.0	48586.0	47366.0	47757.0	48714.0	49864.0	50816.0	51370.0	49712.0	14338.0	6604201.0
GM16_trimmed_clipped_R2_paired	41295.0	40919.0	34947.0	34098.0	35396.0	35750.0	37090.0	37892.0	39059.0	40736.0	41663.0	42399.0	44035.0	44699.0	45232.0	45996.0	47040.0	47359.0	46902.0	48724.0	49842.0	48767.0	49804.0	50845.0	51263.0	52271.0	53634.0	54874.0	54911.0	16204.0	6561418.0
GM17_trimmed_clipped_R1_paired	14587.0	15455.0	15959.0	18189.0	26622.0	38899.0	40416.0	41590.0	42769.0	42604.0	42791.0	43105.0	42826.0	42690.0	42960.0	42692.0	42946.0	42491.0	42333.0	43398.0	43145.0	43318.0	42503.0	43112.0	43619.0	45049.0	45120.0	46374.0	44705.0	13215.0	5757732.0
GM17_trimmed_clipped_R2_paired	48193.0	45787.0	38519.0	36130.0	36275.0	36561.0	37739.0	37965.0	39866.0	40380.0	41784.0	42334.0	43871.0	44366.0	44906.0	45471.0	46605.0	46151.0	46459.0	47564.0	48402.0	47522.0	49224.0	49523.0	49685.0	50636.0	52258.0	53111.0	53574.0	15922.0	5576431.0
GM18_trimmed_clipped_R1_paired	16150.0	16816.0	17213.0	19292.0	28215.0	40747.0	43098.0	43926.0	45115.0	45186.0	45344.0	45611.0	45030.0	45141.0	45702.0	45473.0	45185.0	44895.0	44879.0	45855.0	45385.0	45682.0	44872.0	45350.0	46250.0	47160.0	47975.0	49222.0	47076.0	14066.0	6283815.0
GM18_trimmed_clipped_R2_paired	52731.0	49737.0	41180.0	39157.0	39173.0	39603.0	40640.0	40869.0	42210.0	43252.0	45040.0	45729.0	46769.0	47326.0	47668.0	48783.0	49789.0	49591.0	49381.0	51101.0	51623.0	51177.0	51639.0	53014.0	53104.0	54466.0	55426.0	56631.0	57555.0	17132.0	6074230.0
GM19_trimmed_clipped_R1_paired	20968.0	22427.0	22741.0	25882.0	38340.0	56363.0	58961.0	60499.0	61368.0	62036.0	62342.0	62874.0	62594.0	62244.0	62424.0	62474.0	62620.0	61706.0	62164.0	62776.0	62177.0	63198.0	61537.0	62325.0	63432.0	65278.0	65240.0	67114.0	64900.0	19109.0	8365786.0
GM19_trimmed_clipped_R2_paired	59656.0	56016.0	47852.0	45960.0	47311.0	48051.0	49617.0	50587.0	53158.0	54644.0	56942.0	58146.0	59677.0	60021.0	61132.0	62166.0	63523.0	63709.0	63469.0	65262.0	66173.0	65587.0	66763.0	67963.0	68855.0	69829.0	71746.0	72978.0	73671.0	21794.0	8241641.0
GM1_trimmed_clipped_R1_paired	16068.0	16660.0	17217.0	19137.0	28329.0	42163.0	43587.0	45396.0	46744.0	47035.0	47731.0	47614.0	47254.0	48210.0	47780.0	47775.0	47621.0	47875.0	48088.0	48237.0	47940.0	48588.0	48206.0	48589.0	49385.0	50574.0	51065.0	53541.0	52409.0	14959.0	7028090.0
GM1_trimmed_clipped_R2_paired	53513.0	52533.0	45493.0	42801.0	43481.0	44357.0	45093.0	45624.0	47627.0	49038.0	50950.0	51542.0	53474.0	53836.0	54653.0	55634.0	56718.0	56748.0	57220.0	57910.0	58979.0	59206.0	61647.0	61892.0	61415.0	62195.0	63819.0	66996.0	69031.0	20469.0	6689973.0
GM20_trimmed_clipped_R1_paired	14690.0	15711.0	16207.0	18040.0	26600.0	39306.0	40696.0	41906.0	42486.0	42845.0	42823.0	43124.0	43330.0	42720.0	43006.0	43130.0	42779.0	42548.0	42589.0	43292.0	43568.0	43599.0	42413.0	43067.0	44059.0	45997.0	46507.0	47082.0	45052.0	13348.0	6096750.0
GM20_trimmed_clipped_R2_paired	47834.0	44572.0	37042.0	34583.0	34977.0	35940.0	36319.0	36964.0	38234.0	38715.0	40416.0	41018.0	42307.0	42967.0	43562.0	44256.0	44928.0	45060.0	45226.0	46578.0	47433.0	47146.0	47511.0	48579.0	49206.0	50229.0	51421.0	52105.0	52677.0	15378.0	5956087.0
GM21_trimmed_clipped_R1_paired	15356.0	16424.0	16733.0	18824.0	28219.0	41000.0	42844.0	43494.0	45130.0	45565.0	46051.0	46048.0	45640.0	45882.0	45867.0	46311.0	45447.0	45561.0	45310.0	46315.0	45694.0	45908.0	45160.0	45836.0	46086.0	47828.0	47143.0	48843.0	47039.0	13813.0	6163584.0
GM21_trimmed_clipped_R2_paired	51194.0	48404.0	40326.0	38191.0	38606.0	39024.0	40298.0	40806.0	42620.0	43704.0	45035.0	45400.0	46961.0	47716.0	47766.0	48867.0	49753.0	49843.0	49749.0	50919.0	51061.0	50858.0	51311.0	51968.0	52229.0	53441.0	54434.0	55008.0	56206.0	16362.0	5970895.0
GM22_trimmed_clipped_R1_paired	14580.0	16013.0	15922.0	17936.0	26177.0	37709.0	39410.0	40176.0	40806.0	40827.0	40806.0	41100.0	41009.0	41400.0	40734.0	41313.0	40741.0	40873.0	40685.0	41482.0	41846.0	41685.0	41669.0	41877.0	43039.0	44721.0	44989.0	43771.0	42390.0	12300.0	5592390.0
GM22_trimmed_clipped_R2_paired	42212.0	40157.0	35123.0	33516.0	33787.0	34381.0	34503.0	34910.0	36170.0	37461.0	38625.0	39380.0	40086.0	40802.0	41338.0	42103.0	43156.0	42888.0	43153.0	44147.0	45759.0	44917.0	46295.0	47031.0	47752.0	49333.0	50687.0	49610.0	50155.0	14511.0	5466428.0
GM23_trimmed_clipped_R1_paired	15042.0	16219.0	16537.0	18542.0	27336.0	39027.0	40565.0	41259.0	42230.0	42311.0	42601.0	42395.0	42065.0	42130.0	42117.0	42572.0	41939.0	41791.0	41674.0	42507.0	42600.0	43069.0	42119.0	42708.0	43556.0	44966.0	45431.0	45701.0	44170.0	12952.0	5783051.0
GM23_trimmed_clipped_R2_paired	43244.0	39277.0	33606.0	32010.0	32816.0	33780.0	34329.0	35098.0	36201.0	37306.0	38462.0	39336.0	40639.0	41140.0	41741.0	42466.0	43466.0	43769.0	43713.0	45016.0	46187.0	45470.0	46866.0	47442.0	47965.0	49240.0	50320.0	50508.0	51843.0	15180.0	5682746.0
GM24_trimmed_clipped_R1_paired	17619.0	19169.0	19274.0	22021.0	31844.0	46304.0	47988.0	48887.0	50434.0	50239.0	50414.0	50709.0	50432.0	50678.0	50799.0	51026.0	50622.0	50463.0	50802.0	51927.0	51725.0	51987.0	51493.0	52340.0	53475.0	55694.0	56164.0	55424.0	53940.0	15512.0	7065952.0
GM24_trimmed_clipped_R2_paired	44693.0	43483.0	38846.0	37638.0	38841.0	39783.0	40594.0	41716.0	42942.0	44505.0	46283.0	46672.0	48769.0	49255.0	50047.0	51238.0	52253.0	52126.0	52930.0	53443.0	55117.0	54778.0	56236.0	57511.0	59088.0	60262.0	62303.0	60533.0	61769.0	18241.0	6963462.0
GM25_trimmed_clipped_R1_paired	15114.0	16135.0	16899.0	18773.0	27863.0	40913.0	42221.0	43258.0	44114.0	44703.0	44243.0	44585.0	45038.0	45011.0	44463.0	44378.0	44208.0	44189.0	44744.0	45328.0	44739.0	44722.0	44641.0	45665.0	46218.0	47022.0	47767.0	49092.0	47984.0	13700.0	6460017.0
GM25_trimmed_clipped_R2_paired	49099.0	45829.0	39424.0	37478.0	38289.0	38553.0	38850.0	39555.0	40695.0	41869.0	43808.0	44570.0	45667.0	46716.0	47019.0	48300.0	48796.0	49593.0	49706.0	50295.0	51094.0	52021.0	53649.0	54688.0	53891.0	54475.0	56185.0	58562.0	59921.0	17623.0	6251527.0
GM26_trimmed_clipped_R1_paired	18995.0	20472.0	21166.0	23576.0	34653.0	49976.0	51495.0	52698.0	53504.0	52974.0	53978.0	54181.0	53756.0	53608.0	53969.0	53686.0	53554.0	53390.0	53953.0	54932.0	55036.0	55185.0	54916.0	55545.0	57097.0	58947.0	60047.0	58742.0	56793.0	16691.0	7484472.0
GM26_trimmed_clipped_R2_paired	48326.0	47772.0	41188.0	39467.0	41017.0	41028.0	42502.0	42889.0	44939.0	45712.0	47568.0	48551.0	50063.0	50376.0	51478.0	52515.0	54364.0	53941.0	54537.0	55821.0	57394.0	56930.0	58262.0	59963.0	61657.0	62780.0	64980.0	63179.0	64190.0	18383.0	7410215.0
GM27_trimmed_clipped_R1_paired	16566.0	17235.0	17535.0	19910.0	29396.0	42258.0	43786.0	44598.0	45236.0	45423.0	45934.0	45720.0	45330.0	45755.0	45641.0	45917.0	44893.0	45099.0	44818.0	45653.0	46086.0	45766.0	45172.0	45457.0	46585.0	47972.0	48243.0	49387.0	47812.0	14112.0	6133865.0
GM27_trimmed_clipped_R2_paired	48215.0	45469.0	38155.0	36174.0	36376.0	36805.0	37870.0	38257.0	40098.0	41070.0	42210.0	43078.0	44202.0	44434.0	45331.0	46387.0	47219.0	47527.0	46867.0	48228.0	49112.0	48811.0	49609.0	50918.0	50795.0	51643.0	53005.0	54299.0	54737.0	16069.0	6014190.0
GM28_trimmed_clipped_R1_paired	16782.0	18422.0	19142.0	21231.0	31287.0	45642.0	47018.0	48329.0	49672.0	49693.0	49540.0	50002.0	49846.0	50040.0	50193.0	49583.0	50305.0	50134.0	50765.0	50607.0	51483.0	51934.0	52083.0	52746.0	54611.0	55369.0	57079.0	56870.0	55530.0	15571.0	7746325.0
GM28_trimmed_clipped_R2_paired	49905.0	49454.0	43996.0	42129.0	42585.0	42902.0	43912.0	43860.0	45897.0	46957.0	48283.0	49545.0	51562.0	52082.0	52797.0	54491.0	55653.0	56180.0	56433.0	57869.0	59341.0	60098.0	62740.0	64038.0	64286.0	65524.0	67642.0	68180.0	69898.0	20650.0	7508945.0
GM29_trimmed_clipped_R1_paired	15204.0	16197.0	16782.0	18642.0	27726.0	40198.0	42432.0	43317.0	44919.0	44152.0	45127.0	45500.0	45080.0	45027.0	45397.0	45387.0	45085.0	44497.0	44941.0	45481.0	45360.0	45708.0	44642.0	45601.0	45985.0	47468.0	47735.0	49166.0	46954.0	13809.0	6188072.0
GM29_trimmed_clipped_R2_paired	34955.0	34459.0	31210.0	30907.0	32131.0	33349.0	34742.0	35915.0	37328.0	38703.0	39833.0	40929.0	42114.0	42665.0	43789.0	44142.0	45429.0	45091.0	45286.0	45959.0	47240.0	46740.0	47655.0	48544.0	48719.0	49451.0	51176.0	51696.0	52316.0	15332.0	6143786.0
GM2_trimmed_clipped_R1_paired	13342.0	13976.0	14192.0	15775.0	23779.0	34791.0	36869.0	37776.0	38988.0	39322.0	39664.0	39724.0	39614.0	39956.0	40170.0	39897.0	40066.0	39499.0	39959.0	40210.0	39985.0	40098.0	40041.0	40296.0	40744.0	42015.0	42383.0	43463.0	42377.0	12436.0	5655923.0
GM2_trimmed_clipped_R2_paired	48329.0	43501.0	37962.0	35252.0	35818.0	36514.0	36725.0	37285.0	38958.0	39532.0	40940.0	42263.0	42729.0	43252.0	43573.0	44711.0	45606.0	45194.0	45192.0	45908.0	46626.0	46523.0	46821.0	47475.0	47682.0	48762.0	49852.0	51309.0	51950.0	15418.0	5425668.0
GM30_trimmed_clipped_R1_paired	17155.0	18272.0	18536.0	20615.0	31114.0	44355.0	46403.0	46750.0	47802.0	48213.0	48167.0	48542.0	47841.0	47831.0	47688.0	48244.0	47617.0	47183.0	47411.0	48202.0	48198.0	48439.0	47660.0	47887.0	48901.0	49812.0	50110.0	51656.0	50065.0	14576.0	6662039.0
GM30_trimmed_clipped_R2_paired	49093.0	46050.0	38767.0	37289.0	37718.0	38081.0	39294.0	39585.0	40881.0	42316.0	43436.0	44388.0	45978.0	46281.0	46370.0	47331.0	48912.0	48568.0	48866.0	49913.0	50381.0	50473.0	50878.0	51517.0	52176.0	53184.0	54613.0	55820.0	56911.0	16718.0	6565496.0
GM31_trimmed_clipped_R1_paired	15675.0	16440.0	16674.0	18852.0	27587.0	40118.0	41582.0	42753.0	43789.0	43990.0	44473.0	44811.0	44122.0	44208.0	44778.0	44547.0	44357.0	44416.0	44271.0	45015.0	44789.0	45343.0	43994.0	44844.0	44951.0	46504.0	46730.0	48286.0	46956.0	13539.0	6102693.0
GM31_trimmed_clipped_R2_paired	47795.0	46078.0	38966.0	36497.0	37247.0	37768.0	38743.0	39329.0	41143.0	42918.0	43821.0	44844.0	45651.0	46576.0	47236.0	48124.0	49240.0	49008.0	48950.0	49759.0	50831.0	50367.0	50784.0	51538.0	52320.0	53116.0	54419.0	55220.0	56505.0	16474.0	5909820.0
GM32_trimmed_clipped_R1_paired	17190.0	18164.0	18651.0	20959.0	30670.0	44549.0	46113.0	47300.0	48327.0	48558.0	48934.0	49638.0	48965.0	49171.0	49394.0	49489.0	49286.0	48866.0	48748.0	49529.0	49811.0	50351.0	48852.0	49126.0	50390.0	51739.0	51917.0	53696.0	52106.0	15003.0	6909602.0
GM32_trimmed_clipped_R2_paired	43238.0	44668.0	39826.0	38092.0	38907.0	39712.0	41138.0	42354.0	44042.0	45299.0	46863.0	47564.0	49569.0	49680.0	50426.0	51542.0	52600.0	52576.0	52788.0	54186.0	55267.0	54242.0	55647.0	56373.0	57106.0	58098.0	59280.0	60635.0	61403.0	18065.0	6753908.0
GM33_trimmed_clipped_R1_paired	13984.0	14740.0	15215.0	16689.0	24627.0	36573.0	37682.0	38757.0	40160.0	40402.0	40599.0	40797.0	40425.0	40970.0	41003.0	40869.0	40946.0	41123.0	40992.0	41628.0	41441.0	42083.0	41113.0	41501.0	41887.0	43492.0	43897.0	45473.0	43941.0	12944.0	5802625.0
GM33_trimmed_clipped_R2_paired	47328.0	44027.0	38351.0	36425.0	36833.0	37172.0	37561.0	38490.0	39907.0	41051.0	42003.0	42967.0	44290.0	44878.0	45577.0	45693.0	46768.0	46949.0	47172.0	48053.0	48498.0	48598.0	49004.0	50088.0	51104.0	51986.0	53324.0	54688.0	55445.0	16478.0	5557870.0
GM34_trimmed_clipped_R1_paired	17173.0	18343.0	19179.0	21708.0	32153.0	46917.0	48510.0	49927.0	50992.0	51894.0	51262.0	51779.0	51403.0	51491.0	51720.0	51427.0	50994.0	50543.0	51685.0	51697.0	52174.0	51773.0	51461.0	52122.0	53065.0	54128.0	54777.0	56873.0	55399.0	15764.0	7682296.0
GM34_trimmed_clipped_R2_paired	57895.0	51693.0	45050.0	43012.0	43501.0	44507.0	45125.0	44447.0	47155.0	48636.0	50171.0	51168.0	53229.0	53654.0	54304.0	55037.0	56464.0	56816.0	57040.0	58341.0	58685.0	59766.0	61704.0	62275.0	62365.0	62571.0	65210.0	67241.0	69145.0	20192.0	7444230.0
GM35_trimmed_clipped_R1_paired	16007.0	16147.0	16579.0	18785.0	27758.0	40205.0	42087.0	43234.0	44860.0	45414.0	45983.0	46094.0	46503.0	46418.0	47373.0	47280.0	46853.0	46433.0	46758.0	47248.0	47447.0	47414.0	46139.0	47154.0	47710.0	49208.0	49048.0	50811.0	49192.0	14291.0	6375973.0
GM35_trimmed_clipped_R2_paired	46827.0	46688.0	41211.0	39169.0	40192.0	40827.0	41947.0	43305.0	45201.0	46715.0	48590.0	49113.0	50967.0	51787.0	52102.0	53077.0	54225.0	53635.0	53741.0	54857.0	55488.0	55042.0	56404.0	56413.0	56558.0	57551.0	59332.0	60375.0	61499.0	18217.0	6111351.0
GM36_trimmed_clipped_R1_paired	15411.0	15924.0	16748.0	18620.0	27365.0	39880.0	40637.0	41046.0	42313.0	42015.0	42674.0	42845.0	42560.0	42684.0	42547.0	42942.0	42726.0	42343.0	42786.0	43332.0	43001.0	43108.0	42392.0	42723.0	43838.0	45460.0	45391.0	46374.0	45241.0	13005.0	6116961.0
GM36_trimmed_clipped_R2_paired	38496.0	36803.0	31619.0	30476.0	31533.0	32317.0	32967.0	33680.0	35034.0	35853.0	37242.0	37791.0	39065.0	39699.0	40131.0	41106.0	41990.0	42394.0	42425.0	43397.0	44353.0	43513.0	44618.0	45366.0	45344.0	46500.0	47811.0	48601.0	49400.0	14156.0	6081212.0
GM37_trimmed_clipped_R1_paired	16445.0	17481.0	18674.0	20902.0	30872.0	45233.0	47095.0	48189.0	49246.0	49901.0	50379.0	49905.0	50115.0	50217.0	50581.0	50132.0	49799.0	50031.0	50729.0	50544.0	50652.0	51022.0	50573.0	51698.0	52078.0	53049.0	53908.0	55490.0	54157.0	15582.0	7297130.0
GM37_trimmed_clipped_R2_paired	51314.0	50388.0	44412.0	42687.0	43504.0	43181.0	44208.0	44600.0	46495.0	48411.0	49582.0	51027.0	52719.0	52717.0	54422.0	54759.0	55962.0	56565.0	56973.0	57476.0	58417.0	59209.0	61675.0	61805.0	62243.0	62839.0	64793.0	67065.0	68251.0	20152.0	7043958.0
GM38_trimmed_clipped_R1_paired	19539.0	21202.0	21786.0	24239.0	35805.0	51521.0	53978.0	54794.0	55266.0	56107.0	56264.0	56624.0	56164.0	56322.0	56288.0	56325.0	56067.0	55600.0	56420.0	57444.0	57092.0	58436.0	57355.0	58561.0	59998.0	62647.0	63855.0	61696.0	59412.0	17261.0	7747651.0
GM38_trimmed_clipped_R2_paired	57781.0	55366.0	47766.0	45062.0	45361.0	45846.0	46968.0	47485.0	49549.0	50687.0	52005.0	52697.0	54309.0	55542.0	56088.0	57627.0	59166.0	58623.0	59333.0	61390.0	62388.0	62658.0	64300.0	66019.0	67378.0	69029.0	70416.0	68524.0	69953.0	20635.0	7581768.0
GM39_trimmed_clipped_R1_paired	16956.0	17963.0	18633.0	20985.0	31480.0	46111.0	47413.0	48863.0	50018.0	50649.0	50430.0	50857.0	50841.0	51479.0	51684.0	51366.0	50931.0	51138.0	51657.0	51927.0	52138.0	52946.0	52196.0	53237.0	54724.0	56339.0	57028.0	55369.0	53137.0	15482.0	6676120.0
GM39_trimmed_clipped_R2_paired	44920.0	43989.0	38591.0	37428.0	38554.0	39178.0	40459.0	41080.0	43443.0	44362.0	45737.0	46234.0	48270.0	49127.0	49669.0	50662.0	51959.0	52502.0	52412.0	54088.0	55334.0	55465.0	56989.0	57898.0	59304.0	60847.0	62452.0	60249.0	60553.0	17821.0	6580521.0
GM3_trimmed_clipped_R1_paired	16041.0	16634.0	17035.0	19088.0	28542.0	41038.0	43166.0	43751.0	45069.0	45584.0	46157.0	46289.0	45881.0	45756.0	46002.0	46332.0	45748.0	45715.0	46011.0	46725.0	46325.0	46581.0	45553.0	46176.0	47106.0	48257.0	48391.0	49981.0	48406.0	14137.0	6211867.0
GM3_trimmed_clipped_R2_paired	54774.0	49423.0	41701.0	39484.0	39670.0	39962.0	41070.0	41187.0	43383.0	44406.0	45954.0	47010.0	47845.0	48665.0	49152.0	50164.0	51277.0	51380.0	50809.0	52105.0	52742.0	52477.0	52994.0	54346.0	54634.0	55493.0	56712.0	58218.0	59356.0	17381.0	5985570.0
GM40_trimmed_clipped_R1_paired	18641.0	19684.0	20081.0	22857.0	33707.0	48782.0	50728.0	51486.0	52777.0	53017.0	53572.0	53796.0	53231.0	53608.0	53973.0	53643.0	53716.0	53913.0	54286.0	55820.0	56132.0	56702.0	56985.0	57314.0	59821.0	62262.0	61845.0	57772.0	55738.0	16131.0	7169307.0
GM40_trimmed_clipped_R2_paired	47478.0	45595.0	40325.0	39056.0	40263.0	41535.0	41933.0	42711.0	44606.0	45393.0	47393.0	48592.0	49851.0	50059.0	51391.0	52841.0	54340.0	54878.0	54683.0	56347.0	58073.0	58207.0	60075.0	61899.0	63457.0	65654.0	66911.0	61750.0	62067.0	18278.0	7095686.0
GM41_trimmed_clipped_R1_paired	18272.0	19924.0	20654.0	23011.0	34451.0	50179.0	51651.0	53027.0	53941.0	53859.0	54191.0	54494.0	54113.0	53638.0	54372.0	54099.0	53901.0	54276.0	54238.0	55125.0	55579.0	56073.0	55465.0	57050.0	58844.0	60828.0	61093.0	58666.0	56759.0	16371.0	6939503.0
GM41_trimmed_clipped_R2_paired	47775.0	46470.0	40172.0	38594.0	40247.0	40342.0	41788.0	42151.0	43877.0	45111.0	46719.0	47816.0	48961.0	49953.0	50851.0	52099.0	53193.0	53728.0	53934.0	55197.0	57337.0	56604.0	58119.0	60141.0	61905.0	63166.0	65114.0	61740.0	62054.0	18324.0	6894165.0
GM42_trimmed_clipped_R1_paired	19815.0	20858.0	20778.0	23015.0	32808.0	47384.0	48485.0	49393.0	50586.0	50693.0	50788.0	51370.0	51178.0	50510.0	50801.0	51576.0	51090.0	50574.0	50884.0	51855.0	50565.0	51022.0	51648.0	52132.0	52957.0	52553.0	53581.0	53898.0	53521.0	15626.0	6758426.0
GM42_trimmed_clipped_R2_paired	64753.0	60817.0	48662.0	45599.0	45451.0	46254.0	46754.0	47154.0	48591.0	49599.0	51683.0	52404.0	52933.0	54040.0	54470.0	55892.0	56036.0	56441.0	57226.0	58473.0	59178.0	58906.0	59733.0	59940.0	61237.0	61640.0	63593.0	63511.0	64010.0	19223.0	6496167.0
GM43_trimmed_clipped_R1_paired	16005.0	17223.0	17320.0	18759.0	26854.0	38867.0	39424.0	40124.0	41275.0	41177.0	42026.0	41581.0	41306.0	41386.0	41424.0	41829.0	41534.0	41047.0	41422.0	41459.0	40817.0	40571.0	41206.0	41321.0	42138.0	42274.0	42933.0	43837.0	43415.0	12732.0	5750874.0
GM43_trimmed_clipped_R2_paired	45657.0	43448.0	36912.0	34992.0	35974.0	36547.0	36917.0	37418.0	38785.0	40306.0	41644.0	42452.0	43083.0	43796.0	44572.0	45401.0	45625.0	46096.0	46392.0	47116.0	47502.0	47213.0	47921.0	48311.0	48667.0	49412.0	50751.0	51906.0	51754.0	15945.0	5561645.0
GM44_trimmed_clipped_R1_paired	17169.0	17860.0	18067.0	20183.0	29000.0	41874.0	42964.0	43790.0	44721.0	44639.0	44994.0	45465.0	44926.0	45297.0	45544.0	45705.0	45692.0	45516.0	45117.0	45929.0	45043.0	45214.0	45922.0	45597.0	46460.0	46500.0	46825.0	48737.0	48320.0	14025.0	6132933.0
GM44_trimmed_clipped_R2_paired	70870.0	65994.0	51874.0	48404.0	47784.0	46997.0	47096.0	47445.0	48579.0	49350.0	50825.0	51757.0	52320.0	53247.0	54052.0	54803.0	54642.0	54979.0	55825.0	56581.0	57262.0	56431.0	57408.0	57827.0	58488.0	58828.0	60399.0	61855.0	62489.0	18823.0	5726794.0
GM45_trimmed_clipped_R1_paired	17951.0	18722.0	18953.0	20668.0	29406.0	42863.0	44053.0	44366.0	45362.0	45673.0	46139.0	45786.0	45442.0	46232.0	45957.0	46410.0	46752.0	45923.0	46358.0	46152.0	46411.0	46366.0	47298.0	47328.0	48616.0	48296.0	49451.0	51400.0	50279.0	14246.0	6833319.0
GM45_trimmed_clipped_R2_paired	59771.0	56216.0	47162.0	44080.0	44800.0	44665.0	44380.0	44741.0	45907.0	46812.0	48479.0	49834.0	50308.0	51530.0	52039.0	53669.0	53004.0	53759.0	55174.0	55220.0	55407.0	56246.0	57938.0	57964.0	59182.0	58457.0	59764.0	62178.0	62643.0	18737.0	6522112.0
GM46_trimmed_clipped_R1_paired	19756.0	20857.0	21486.0	23782.0	34605.0	50529.0	52156.0	52853.0	54506.0	55102.0	55478.0	55452.0	55275.0	55553.0	55634.0	55373.0	55520.0	55673.0	56291.0	56649.0	56539.0	55937.0	56641.0	57342.0	58193.0	58721.0	60007.0	60999.0	60164.0	17096.0	8136423.0
GM46_trimmed_clipped_R2_paired	71291.0	70119.0	60894.0	56804.0	56713.0	56973.0	56966.0	56735.0	58568.0	60325.0	62689.0	63202.0	64058.0	65074.0	66699.0	67603.0	67536.0	69114.0	69720.0	70019.0	70714.0	71676.0	75218.0	74444.0	74598.0	74988.0	77121.0	79555.0	81033.0	24297.0	7645846.0
GM47_trimmed_clipped_R1_paired	17062.0	18211.0	18456.0	20588.0	30056.0	43849.0	44780.0	45553.0	47280.0	47269.0	46819.0	47669.0	47487.0	47125.0	47220.0	47073.0	46877.0	46618.0	46542.0	47894.0	47261.0	47904.0	46953.0	47375.0	48606.0	49869.0	50071.0	50545.0	48682.0	14253.0	6413125.0
GM47_trimmed_clipped_R2_paired	39597.0	39399.0	33799.0	32849.0	34332.0	34895.0	35644.0	36341.0	38147.0	39573.0	40739.0	41817.0	42832.0	43582.0	44606.0	45126.0	45948.0	46101.0	46114.0	47707.0	48696.0	48064.0	48908.0	49931.0	50495.0	51592.0	52830.0	53050.0	53307.0	15812.0	6387239.0
GM48_trimmed_clipped_R1_paired	17482.0	18038.0	18195.0	19934.0	28621.0	41257.0	41782.0	42837.0	43521.0	44112.0	43577.0	43791.0	43630.0	43603.0	43725.0	44198.0	44075.0	43920.0	43453.0	44381.0	43655.0	43563.0	43907.0	44263.0	44969.0	44584.0	45652.0	47282.0	46504.0	13684.0	6269512.0
GM48_trimmed_clipped_R2_paired	53635.0	51357.0	42261.0	40408.0	39728.0	40963.0	41183.0	42039.0	43368.0	44521.0	45202.0	46059.0	46694.0	46972.0	48029.0	49229.0	49121.0	49781.0	49682.0	50749.0	50974.0	50827.0	51483.0	51992.0	52697.0	53091.0	54308.0	56010.0	56258.0	16893.0	6026193.0
GM49_trimmed_clipped_R1_paired	17292.0	18569.0	18767.0	20465.0	29819.0	43105.0	43439.0	44479.0	46010.0	46480.0	46126.0	46588.0	46794.0	46118.0	46302.0	46451.0	47266.0	46682.0	46909.0	46887.0	46498.0	46480.0	47019.0	46481.0	47152.0	47227.0	47932.0	49908.0	48798.0	14296.0	6402317.0
GM49_trimmed_clipped_R2_paired	50058.0	49032.0	42009.0	40125.0	40479.0	41341.0	41369.0	42398.0	43673.0	45424.0	47098.0	47614.0	48072.0	49241.0	49998.0	51098.0	51245.0	51488.0	51906.0	52952.0	53590.0	53132.0	53759.0	53811.0	54742.0	54916.0	56706.0	58270.0	58744.0	17418.0	6186948.0
GM4_trimmed_clipped_R1_paired	13080.0	13879.0	14410.0	15994.0	24135.0	34385.0	36231.0	37031.0	38050.0	37974.0	38831.0	39128.0	38941.0	38491.0	38896.0	38967.0	38850.0	39108.0	38842.0	39461.0	39316.0	39896.0	39034.0	39646.0	40257.0	41356.0	41585.0	43108.0	41299.0	12050.0	5658090.0
GM4_trimmed_clipped_R2_paired	31169.0	33412.0	29965.0	29498.0	30489.0	30823.0	32255.0	33230.0	34898.0	35939.0	37043.0	38100.0	39495.0	39897.0	40596.0	41695.0	42715.0	42529.0	42848.0	43976.0	44423.0	44530.0	44767.0	45678.0	46261.0	47071.0	48987.0	49378.0	50720.0	14738.0	5523196.0
GM50_trimmed_clipped_R1_paired	18302.0	19923.0	20215.0	21853.0	31426.0	45397.0	46580.0	47105.0	48081.0	48676.0	49182.0	49303.0	48837.0	49761.0	49227.0	49718.0	50204.0	50060.0	50400.0	51372.0	50864.0	51546.0	52169.0	53056.0	54438.0	54366.0	55095.0	52457.0	52472.0	15207.0	6493985.0
GM50_trimmed_clipped_R2_paired	56787.0	52647.0	43549.0	41202.0	41875.0	42365.0	42393.0	43604.0	45252.0	46846.0	48119.0	49207.0	50529.0	51942.0	53182.0	54240.0	55003.0	56005.0	57075.0	58080.0	59371.0	58865.0	60813.0	61303.0	62728.0	63649.0	64808.0	63384.0	63013.0	18875.0	6264566.0
GM51_trimmed_clipped_R1_paired	17183.0	18678.0	19126.0	21293.0	31824.0	45907.0	47841.0	48747.0	49480.0	49520.0	50261.0	50215.0	49615.0	49680.0	50441.0	49779.0	49580.0	49593.0	50253.0	50484.0	50540.0	50970.0	49921.0	50715.0	51983.0	53824.0	53803.0	53838.0	52220.0	15163.0	6703045.0
GM51_trimmed_clipped_R2_paired	45374.0	44445.0	38413.0	37057.0	38215.0	38516.0	39817.0	40679.0	42016.0	43412.0	44810.0	45377.0	47188.0	47973.0	48185.0	49647.0	50371.0	50551.0	50687.0	51726.0	53210.0	53152.0	53963.0	54757.0	56156.0	56982.0	58366.0	58079.0	58326.0	17351.0	6620721.0
GM52_trimmed_clipped_R1_paired	16203.0	16918.0	17280.0	19078.0	27772.0	40281.0	41664.0	42543.0	43618.0	43668.0	44088.0	44311.0	43735.0	44268.0	44034.0	43977.0	44477.0	44127.0	43797.0	44892.0	43961.0	43525.0	43933.0	43868.0	45132.0	44959.0	45645.0	47427.0	46875.0	13594.0	6167464.0
GM52_trimmed_clipped_R2_paired	64673.0	59762.0	48165.0	44520.0	43519.0	44683.0	43934.0	44150.0	45865.0	46945.0	48190.0	48802.0	49337.0	49831.0	50264.0	51646.0	51133.0	51554.0	51830.0	53020.0	53750.0	52829.0	53265.0	53574.0	55501.0	54930.0	56526.0	57971.0	58555.0	17545.0	5830845.0
GM53_trimmed_clipped_R1_paired	16638.0	17356.0	17871.0	19710.0	29324.0	42768.0	44066.0	44709.0	45864.0	46523.0	46201.0	46418.0	46267.0	46441.0	46554.0	46674.0	46544.0	46522.0	46514.0	47055.0	47156.0	47642.0	46607.0	47090.0	48488.0	49392.0	50363.0	50642.0	48969.0	14431.0	6381425.0
GM53_trimmed_clipped_R2_paired	46830.0	45188.0	39939.0	37926.0	38532.0	39469.0	39806.0	40522.0	41399.0	43045.0	44568.0	45167.0	46716.0	46709.0	47870.0	48807.0	49585.0	49336.0	49702.0	51188.0	51973.0	51290.0	52580.0	53448.0	53934.0	55026.0	56528.0	56930.0	57685.0	17108.0	6223418.0
GM54_trimmed_clipped_R1_paired	15917.0	17186.0	17072.0	18476.0	26664.0	37575.0	38773.0	38959.0	40172.0	40483.0	40466.0	40795.0	40207.0	40396.0	40503.0	40781.0	40431.0	40453.0	40215.0	41043.0	40549.0	40552.0	41000.0	41280.0	41822.0	42217.0	43435.0	44046.0	43678.0	12696.0	5921462.0
GM54_trimmed_clipped_R2_paired	46143.0	45187.0	37821.0	36011.0	36101.0	37217.0	37427.0	38397.0	39501.0	40687.0	42334.0	42901.0	43433.0	44316.0	45018.0	45929.0	46462.0	46803.0	46997.0	47866.0	48726.0	48717.0	49794.0	49505.0	50674.0	51608.0	52722.0	54138.0	54375.0	16167.0	5686327.0
GM55_trimmed_clipped_R1_paired	16988.0	18088.0	18513.0	20495.0	30108.0	43178.0	44524.0	45115.0	46541.0	46755.0	46832.0	46580.0	46831.0	46639.0	47043.0	46986.0	46665.0	46771.0	46653.0	47745.0	47642.0	48036.0	47230.0	48055.0	48803.0	50683.0	50891.0	50971.0	49225.0	14187.0	6531292.0
GM55_trimmed_clipped_R2_paired	49390.0	44658.0	38729.0	36356.0	36936.0	38307.0	38462.0	39369.0	40420.0	41652.0	43156.0	44032.0	45349.0	45921.0	46888.0	47872.0	49181.0	48902.0	49147.0	50203.0	51493.0	51102.0	52114.0	53474.0	53698.0	55330.0	56784.0	56571.0	57660.0	16972.0	6405937.0
GM56_trimmed_clipped_R1_paired	15622.0	16080.0	16165.0	17701.0	25309.0	36408.0	38243.0	38331.0	39735.0	40309.0	40595.0	40745.0	40312.0	40682.0	40585.0	40370.0	41080.0	40662.0	40677.0	41503.0	40449.0	40604.0	41084.0	41324.0	41777.0	41799.0	42603.0	43524.0	43427.0	12666.0	5904862.0
GM56_trimmed_clipped_R2_paired	54646.0	53218.0	44216.0	41150.0	41011.0	41788.0	41742.0	42752.0	43816.0	44832.0	46274.0	46934.0	47061.0	47751.0	48457.0	49511.0	48899.0	49610.0	50262.0	50790.0	51475.0	50736.0	51553.0	51453.0	52501.0	52598.0	54221.0	55657.0	56044.0	16924.0	5557351.0
GM57_trimmed_clipped_R1_paired	18002.0	18723.0	18925.0	20696.0	29480.0	42920.0	43808.0	44416.0	45909.0	46152.0	46762.0	46658.0	46510.0	46397.0	46959.0	47071.0	47314.0	46533.0	46583.0	47546.0	46973.0	46720.0	47238.0	47079.0	48183.0	48310.0	49222.0	50080.0	49515.0	14239.0	6324430.0
GM57_trimmed_clipped_R2_paired	59733.0	57324.0	47176.0	44512.0	43863.0	44229.0	44959.0	45216.0	46777.0	48223.0	49231.0	50478.0	51467.0	51776.0	52826.0	53865.0	54024.0	54410.0	55301.0	55978.0	56523.0	56341.0	57455.0	57011.0	58475.0	58451.0	60491.0	61209.0	62138.0	18483.0	6011408.0
GM58_trimmed_clipped_R1_paired	18110.0	18847.0	18575.0	20690.0	29346.0	42747.0	43876.0	44311.0	45535.0	46117.0	45999.0	46583.0	45686.0	46645.0	46476.0	46206.0	46676.0	45973.0	46151.0	47056.0	46175.0	46459.0	46482.0	47126.0	47406.0	47447.0	48435.0	49780.0	49549.0	14229.0	6495846.0
GM58_trimmed_clipped_R2_paired	60427.0	55958.0	45229.0	42174.0	42534.0	43298.0	43337.0	44111.0	45441.0	46795.0	48381.0	49022.0	49413.0	50857.0	51285.0	52644.0	52196.0	52789.0	53665.0	53954.0	54575.0	53769.0	55018.0	55054.0	56189.0	56312.0	58015.0	59391.0	59430.0	18064.0	6221212.0
GM59_trimmed_clipped_R1_paired	21553.0	22364.0	22945.0	25037.0	36377.0	51936.0	53496.0	54742.0	56447.0	56813.0	56917.0	57239.0	56836.0	57175.0	57744.0	57571.0	57580.0	56800.0	57145.0	58135.0	56552.0	56933.0	57056.0	57527.0	58422.0	58506.0	59233.0	61135.0	60235.0	17568.0	7829308.0
GM59_trimmed_clipped_R2_paired	66870.0	65817.0	54956.0	51960.0	52133.0	52744.0	53286.0	53951.0	56216.0	57835.0	59515.0	60357.0	61573.0	62491.0	63757.0	65250.0	64901.0	65974.0	65994.0	67165.0	67897.0	66811.0	68256.0	68608.0	69343.0	70188.0	71667.0	73604.0	73869.0	22361.0	7491978.0
GM5_trimmed_clipped_R1_paired	13608.0	14214.0	14602.0	16482.0	24097.0	35596.0	36865.0	37312.0	38500.0	38894.0	39223.0	39767.0	39446.0	39671.0	40137.0	39997.0	40069.0	39536.0	39265.0	40029.0	39716.0	40512.0	39501.0	39826.0	40220.0	41615.0	42006.0	42707.0	41565.0	12203.0	5455382.0
GM5_trimmed_clipped_R2_paired	42201.0	40573.0	34096.0	32708.0	33127.0	33902.0	34873.0	35648.0	37088.0	38026.0	39472.0	39894.0	41338.0	41694.0	42603.0	42891.0	43513.0	44248.0	43822.0	44504.0	45516.0	44823.0	45604.0	45904.0	46529.0	47259.0	48297.0	49623.0	50507.0	14866.0	5277414.0
GM60_trimmed_clipped_R1_paired	18380.0	19013.0	19678.0	21637.0	31475.0	45417.0	46516.0	47395.0	48572.0	49655.0	49563.0	50040.0	49268.0	50007.0	49644.0	49766.0	49962.0	49519.0	50517.0	50727.0	50327.0	50372.0	51070.0	51294.0	52478.0	52407.0	53707.0	55884.0	55031.0	15836.0	7670544.0
GM60_trimmed_clipped_R2_paired	58460.0	57029.0	48757.0	46373.0	46840.0	47552.0	47992.0	47899.0	50202.0	50933.0	53218.0	54289.0	55098.0	56074.0	57324.0	58435.0	58549.0	58956.0	60115.0	61154.0	61326.0	62506.0	65411.0	64314.0	64997.0	65316.0	66434.0	69948.0	71261.0	21192.0	7317747.0
GM61_trimmed_clipped_R1_paired	18163.0	19400.0	19967.0	22111.0	32125.0	46873.0	48392.0	49576.0	50549.0	51690.0	51677.0	51288.0	51513.0	51988.0	51903.0	51910.0	51868.0	51692.0	52217.0	52464.0	51934.0	51460.0	53047.0	53192.0	53903.0	53931.0	54603.0	57058.0	56537.0	15800.0	7631947.0
GM61_trimmed_clipped_R2_paired	55026.0	53613.0	47007.0	45358.0	46646.0	47213.0	47651.0	47424.0	49728.0	51111.0	52777.0	54505.0	55061.0	55969.0	57124.0	58559.0	58629.0	59528.0	59717.0	60978.0	61190.0	62528.0	64392.0	64768.0	64510.0	64803.0	66659.0	69498.0	70309.0	21200.0	7337297.0
GM62_trimmed_clipped_R1_paired	16712.0	17610.0	17625.0	19524.0	28432.0	40997.0	41538.0	42476.0	43524.0	43821.0	44095.0	43999.0	44083.0	44111.0	44422.0	44359.0	44262.0	44005.0	43764.0	44851.0	43889.0	43462.0	44101.0	44369.0	45291.0	44966.0	45383.0	47086.0	46829.0	13639.0	6332497.0
GM62_trimmed_clipped_R2_paired	68375.0	65237.0	53390.0	48805.0	47651.0	47457.0	47106.0	47218.0	49173.0	50017.0	51043.0	51670.0	52638.0	52863.0	53654.0	54982.0	54628.0	55131.0	55637.0	56588.0	57454.0	56570.0	57307.0	57882.0	58897.0	59391.0	60666.0	62650.0	63056.0	19136.0	5889450.0
GM63_trimmed_clipped_R1_paired	16562.0	17662.0	18145.0	20616.0	30351.0	44584.0	46066.0	46759.0	47884.0	48227.0	48409.0	48353.0	48961.0	48480.0	48886.0	49109.0	48563.0	48505.0	49047.0	49550.0	49986.0	50071.0	49897.0	50375.0	52079.0	54504.0	54249.0	53500.0	51613.0	14856.0	6653081.0
GM63_trimmed_clipped_R2_paired	53501.0	51451.0	44425.0	42127.0	42885.0	43173.0	43679.0	44546.0	45480.0	47290.0	49152.0	49737.0	51403.0	52080.0	52772.0	54235.0	55444.0	55492.0	55044.0	56885.0	58637.0	58008.0	59901.0	60981.0	62607.0	64020.0	65762.0	64530.0	65748.0	19290.0	6388645.0
GM64_trimmed_clipped_R1_paired	18105.0	19591.0	19713.0	21971.0	32140.0	46520.0	47928.0	48808.0	50628.0	51045.0	51460.0	51551.0	50694.0	51199.0	51693.0	51355.0	51892.0	51844.0	51476.0	52164.0	52002.0	51786.0	52556.0	53024.0	53844.0	54225.0	55287.0	57328.0	56777.0	16198.0	7857820.0
GM64_trimmed_clipped_R2_paired	72296.0	69390.0	58125.0	54478.0	54061.0	54172.0	54387.0	54292.0	56303.0	57626.0	59319.0	60269.0	61192.0	62295.0	62767.0	64703.0	63975.0	64979.0	65841.0	66512.0	67109.0	68201.0	71149.0	70656.0	70832.0	70780.0	72848.0	76484.0	78141.0	23428.0	7346014.0
GM65_trimmed_clipped_R1_paired	11973.0	11919.0	12780.0	15460.0	24875.0	37926.0	40131.0	41760.0	42851.0	44233.0	43920.0	45072.0	44850.0	44995.0	45428.0	45604.0	45325.0	45613.0	46168.0	46294.0	46580.0	46450.0	46344.0	46789.0	47702.0	48252.0	50454.0	51493.0	50241.0	14624.0	5894733.0
GM65_trimmed_clipped_R2_paired	59689.0	54376.0	44197.0	42480.0	42927.0	43772.0	44032.0	45042.0	46644.0	47729.0	49650.0	50686.0	51270.0	52976.0	52922.0	53917.0	54973.0	55488.0	55825.0	55008.0	56084.0	56254.0	57516.0	58470.0	56759.0	57429.0	60001.0	59516.0	61364.0	17851.0	5535992.0
GM66_trimmed_clipped_R1_paired	19986.0	21472.0	21498.0	23596.0	34550.0	49936.0	51399.0	52112.0	53628.0	54107.0	54096.0	54101.0	53894.0	53895.0	53855.0	54017.0	54168.0	53085.0	53607.0	54229.0	53155.0	53235.0	54015.0	54225.0	55766.0	54848.0	55899.0	57792.0	57023.0	16581.0	7694035.0
GM66_trimmed_clipped_R2_paired	61340.0	61004.0	50360.0	47789.0	48276.0	49465.0	49485.0	50187.0	52117.0	52916.0	55296.0	55649.0	56528.0	57455.0	58100.0	59473.0	59317.0	60304.0	60390.0	61888.0	62376.0	61325.0	62524.0	63277.0	64145.0	64586.0	66371.0	68126.0	67768.0	20490.0	7419478.0
GM67_trimmed_clipped_R1_paired	21189.0	22041.0	22274.0	24446.0	35382.0	50512.0	51246.0	52377.0	52943.0	53830.0	54193.0	54583.0	54056.0	54235.0	54157.0	54126.0	54279.0	54061.0	54352.0	54393.0	53997.0	53739.0	54003.0	54443.0	55151.0	55002.0	56051.0	57497.0	57239.0	16499.0	7552013.0
GM67_trimmed_clipped_R2_paired	69156.0	63926.0	53033.0	49749.0	49845.0	50571.0	51080.0	51292.0	53455.0	54602.0	56390.0	57523.0	58134.0	58728.0	59517.0	60883.0	60632.0	60994.0	61557.0	62975.0	63388.0	62694.0	63863.0	63681.0	64711.0	64972.0	66858.0	68721.0	68769.0	20527.0	7242083.0
GM68_trimmed_clipped_R1_paired	18387.0	19483.0	19557.0	21641.0	30725.0	44202.0	45617.0	45870.0	47116.0	47432.0	47441.0	47701.0	47434.0	47794.0	47576.0	47147.0	47713.0	46812.0	46819.0	47672.0	47048.0	46644.0	47343.0	47111.0	47986.0	48293.0	49038.0	50106.0	49586.0	14465.0	6582940.0
GM68_trimmed_clipped_R2_paired	58155.0	55647.0	44405.0	42366.0	42540.0	43097.0	43355.0	44003.0	45256.0	46057.0	47648.0	48380.0	49090.0	49871.0	50607.0	51667.0	51330.0	52063.0	52067.0	53105.0	53815.0	52816.0	54183.0	54175.0	55095.0	55234.0	56819.0	58449.0	58042.0	17488.0	6357874.0
GM69_trimmed_clipped_R1_paired	21496.0	23008.0	23490.0	25993.0	37418.0	53992.0	55951.0	57827.0	59266.0	59763.0	60657.0	60998.0	61326.0	60988.0	61750.0	62113.0	62588.0	61540.0	62651.0	63208.0	62409.0	62944.0	63859.0	64261.0	66407.0	66552.0	67010.0	66115.0	65309.0	19171.0	7940964.0
GM69_trimmed_clipped_R2_paired	68487.0	65076.0	52957.0	49890.0	50615.0	51912.0	53028.0	54434.0	56555.0	57738.0	60075.0	62038.0	62882.0	65489.0	66318.0	68002.0	68472.0	69793.0	70305.0	71329.0	72459.0	72391.0	73772.0	73983.0	76130.0	76466.0	78002.0	76858.0	77268.0	23521.0	7654779.0
GM6_trimmed_clipped_R1_paired	16004.0	17386.0	18118.0	20130.0	29101.0	42417.0	43736.0	44619.0	45655.0	45637.0	46090.0	45569.0	45563.0	45948.0	46183.0	45209.0	45526.0	45626.0	45968.0	46451.0	46609.0	46700.0	46033.0	47585.0	47913.0	49232.0	50347.0	50857.0	50053.0	14257.0	7169476.0
GM6_trimmed_clipped_R2_paired	46294.0	44765.0	38768.0	37263.0	37921.0	38530.0	39172.0	39864.0	41313.0	42434.0	43545.0	44887.0	45619.0	46575.0	47548.0	48120.0	49509.0	50317.0	50412.0	51307.0	52634.0	53263.0	55777.0	56293.0	56506.0	57121.0	59136.0	60982.0	62232.0	18459.0	6983432.0
GM70_trimmed_clipped_R1_paired	18506.0	19723.0	20027.0	21484.0	30078.0	43477.0	44238.0	45020.0	46170.0	46281.0	46968.0	47208.0	46873.0	46585.0	47008.0	46907.0	47608.0	47066.0	47045.0	47437.0	46703.0	46982.0	46944.0	47212.0	48445.0	48351.0	49302.0	51173.0	50081.0	14657.0	7094972.0
GM70_trimmed_clipped_R2_paired	45973.0	47577.0	42092.0	40493.0	40785.0	42388.0	42771.0	43571.0	45264.0	47041.0	48355.0	49324.0	50320.0	51085.0	52055.0	53361.0	53482.0	54415.0	54603.0	55822.0	55806.0	55350.0	56929.0	57198.0	57387.0	58806.0	60805.0	61979.0	62593.0	18966.0	6843935.0
GM71_trimmed_clipped_R1_paired	21389.0	22395.0	22758.0	24817.0	35520.0	51533.0	52325.0	52959.0	54678.0	55224.0	54988.0	54991.0	54997.0	55381.0	55103.0	54814.0	55387.0	54880.0	54704.0	55217.0	54520.0	54450.0	55029.0	55312.0	56400.0	56189.0	57082.0	58257.0	57896.0	16969.0	7593672.0
GM71_trimmed_clipped_R2_paired	76713.0	73635.0	60173.0	56013.0	54941.0	55538.0	55595.0	56470.0	57730.0	58954.0	60778.0	61567.0	62875.0	63043.0	64167.0	66149.0	65709.0	66118.0	65982.0	67334.0	68402.0	67110.0	68965.0	68740.0	69390.0	71155.0	72133.0	73753.0	74256.0	22418.0	7154030.0
GM72_trimmed_clipped_R1_paired	16069.0	17023.0	17063.0	18821.0	27358.0	40050.0	40789.0	42010.0	43039.0	43561.0	43498.0	44235.0	43944.0	43784.0	44252.0	43986.0	44254.0	44195.0	44197.0	45044.0	44140.0	44227.0	45125.0	45227.0	46379.0	46203.0	46945.0	47870.0	47246.0	13586.0	5956212.0
GM72_trimmed_clipped_R2_paired	59089.0	53577.0	44466.0	41353.0	41200.0	41951.0	42073.0	42019.0	43470.0	44740.0	45962.0	46518.0	47579.0	48078.0	48491.0	49408.0	49930.0	49863.0	50470.0	51837.0	52162.0	51640.0	52809.0	53429.0	54449.0	55089.0	56478.0	56844.0	56673.0	17022.0	5681663.0
GM73_trimmed_clipped_R1_paired	18350.0	19336.0	19356.0	21270.0	30705.0	44111.0	45307.0	45913.0	47046.0	47639.0	47981.0	48318.0	47382.0	48161.0	47869.0	48326.0	48132.0	48082.0	47697.0	48669.0	48270.0	48125.0	48518.0	48718.0	49569.0	49724.0	50989.0	52521.0	52362.0	15453.0	6860610.0
GM73_trimmed_clipped_R2_paired	59179.0	56418.0	46116.0	43629.0	42970.0	44313.0	44149.0	45325.0	46873.0	47760.0	49449.0	50726.0	50640.0	52041.0	53232.0	54357.0	54308.0	54722.0	55370.0	56389.0	57113.0	56874.0	58580.0	58508.0	59767.0	61239.0	62280.0	64458.0	65051.0	19391.0	6573282.0
GM74_trimmed_clipped_R1_paired	19766.0	20869.0	21248.0	23665.0	34349.0	50291.0	51189.0	52477.0	53874.0	54323.0	54296.0	54746.0	54472.0	55110.0	54851.0	55075.0	55362.0	55342.0	55884.0	56086.0	55825.0	55398.0	56469.0	57131.0	57933.0	57834.0	59225.0	61267.0	59929.0	17150.0	8181064.0
GM74_trimmed_clipped_R2_paired	75532.0	71351.0	59505.0	55586.0	54953.0	55981.0	55512.0	55970.0	57246.0	58739.0	60954.0	61626.0	63032.0	64164.0	65061.0	65888.0	66104.0	67090.0	67310.0	68337.0	69040.0	70028.0	72704.0	72437.0	72426.0	72410.0	74790.0	77314.0	78560.0	23578.0	7719272.0
GM75_trimmed_clipped_R1_paired	16537.0	17324.0	17560.0	19069.0	27573.0	39894.0	41220.0	41663.0	43117.0	43299.0	43576.0	44260.0	43838.0	43572.0	43968.0	44306.0	44130.0	44029.0	44158.0	45032.0	43964.0	44303.0	44191.0	44604.0	45604.0	45452.0	46260.0	47593.0	46917.0	13819.0	6256028.0
GM75_trimmed_clipped_R2_paired	52603.0	51721.0	43794.0	41537.0	41831.0	42090.0	43187.0	43608.0	45297.0	46057.0	48091.0	48996.0	50106.0	50738.0	51799.0	53284.0	53027.0	53293.0	54272.0	54684.0	55382.0	54783.0	55952.0	56291.0	57219.0	57622.0	59182.0	61069.0	61071.0	18756.0	5919518.0
GM76_trimmed_clipped_R1_paired	18505.0	19750.0	19951.0	22451.0	32417.0	46896.0	48088.0	49020.0	49590.0	49874.0	50235.0	50566.0	49789.0	50398.0	49932.0	49953.0	50120.0	49606.0	49929.0	50140.0	50075.0	49898.0	50641.0	51377.0	52144.0	51950.0	52920.0	55120.0	54244.0	15489.0	7384013.0
GM76_trimmed_clipped_R2_paired	66270.0	61240.0	49794.0	46647.0	46512.0	47307.0	47234.0	47669.0	49177.0	50125.0	51916.0	53142.0	54392.0	55256.0	55770.0	56504.0	57501.0	57749.0	58182.0	58950.0	59686.0	60098.0	62614.0	61990.0	62738.0	63306.0	64743.0	67885.0	68680.0	20504.0	7061500.0
GM77_trimmed_clipped_R1_paired	21033.0	22733.0	22943.0	25340.0	36673.0	52843.0	54147.0	55158.0	55822.0	56402.0	56840.0	56945.0	56583.0	56335.0	56389.0	56497.0	56752.0	56374.0	56160.0	57202.0	56067.0	56247.0	56672.0	56720.0	58358.0	58187.0	59301.0	60228.0	59526.0	17179.0	7870050.0
GM77_trimmed_clipped_R2_paired	72138.0	65887.0	53607.0	50795.0	50976.0	51771.0	52276.0	52298.0	54479.0	55793.0	57769.0	58674.0	59731.0	60207.0	61677.0	62966.0	63098.0	63136.0	63658.0	64583.0	65469.0	65212.0	66632.0	66430.0	67791.0	69070.0	70822.0	72497.0	71964.0	21628.0	7564672.0
GM78_trimmed_clipped_R1_paired	17744.0	18465.0	18670.0	20218.0	28280.0	40871.0	41506.0	42037.0	43489.0	43557.0	44206.0	44281.0	44488.0	44451.0	44749.0	44383.0	44972.0	44433.0	44653.0	45438.0	44731.0	44622.0	45145.0	45516.0	46214.0	45984.0	47602.0	48766.0	48054.0	13938.0	6627026.0
GM78_trimmed_clipped_R2_paired	56742.0	57002.0	49932.0	46329.0	46168.0	46853.0	47055.0	47725.0	49747.0	50670.0	51688.0	53058.0	53554.0	54032.0	55023.0	56168.0	55966.0	57034.0	56875.0	58245.0	58360.0	58584.0	59630.0	59897.0	60914.0	61749.0	63876.0	65274.0	65358.0	19860.0	6195121.0
GM79_trimmed_clipped_R1_paired	18585.0	19972.0	20578.0	22208.0	32330.0	46814.0	48566.0	49570.0	50739.0	51224.0	51547.0	51869.0	51355.0	51862.0	51995.0	52152.0	52107.0	51520.0	52075.0	52153.0	51886.0	51904.0	52462.0	52636.0	53667.0	53330.0	54006.0	55322.0	54505.0	16058.0	6928897.0
GM79_trimmed_clipped_R2_paired	61643.0	57912.0	46975.0	44852.0	45067.0	46424.0	46794.0	47722.0	48873.0	50668.0	52070.0	53000.0	54630.0	54694.0	55922.0	57504.0	57795.0	58043.0	58724.0	59206.0	59953.0	59575.0	61113.0	61037.0	61612.0	62298.0	63361.0	65246.0	65338.0	19442.0	6666401.0
GM7_trimmed_clipped_R1_paired	13055.0	13098.0	13741.0	15928.0	23518.0	34645.0	36477.0	37962.0	39078.0	39411.0	39861.0	39871.0	40004.0	39933.0	40373.0	40002.0	40286.0	39748.0	40149.0	41013.0	40633.0	40839.0	39834.0	40614.0	40769.0	42365.0	42665.0	43666.0	42791.0	12653.0	5621897.0
GM7_trimmed_clipped_R2_paired	46475.0	43174.0	35487.0	33822.0	33886.0	34464.0	35686.0	36491.0	38204.0	38905.0	40561.0	41193.0	42571.0	42702.0	43286.0	44443.0	45090.0	45378.0	45380.0	45797.0	46602.0	46029.0	46899.0	47835.0	47978.0	48816.0	49568.0	50971.0	51546.0	15057.0	5412583.0
GM80_trimmed_clipped_R1_paired	16114.0	17662.0	17692.0	19014.0	27443.0	39181.0	39803.0	40574.0	41188.0	41661.0	41257.0	41596.0	41223.0	41778.0	41564.0	41354.0	41844.0	41536.0	41727.0	41707.0	41143.0	41121.0	41754.0	41549.0	42367.0	42084.0	42824.0	44214.0	43872.0	12675.0	5792165.0
GM80_trimmed_clipped_R2_paired	48904.0	47031.0	38695.0	36513.0	36612.0	37382.0	37213.0	37412.0	39012.0	40296.0	41544.0	42264.0	42666.0	43527.0	44073.0	45292.0	45090.0	44969.0	45721.0	46596.0	46854.0	46339.0	47127.0	47395.0	47731.0	48475.0	50202.0	51234.0	51057.0	15224.0	5609236.0
GM81_trimmed_clipped_R1_paired	17120.0	17528.0	17603.0	19303.0	27835.0	39866.0	40825.0	40955.0	41947.0	42472.0	42806.0	42523.0	42306.0	42474.0	42462.0	42633.0	42545.0	42773.0	42448.0	43324.0	42472.0	42735.0	43362.0	43080.0	43979.0	43921.0	44569.0	46002.0	45948.0	13492.0	5722994.0
GM81_trimmed_clipped_R2_paired	47184.0	44489.0	36502.0	34464.0	34411.0	34869.0	35889.0	36317.0	37232.0	38169.0	39413.0	40826.0	41353.0	42218.0	43241.0	43970.0	44306.0	45094.0	45108.0	45983.0	46224.0	46092.0	46686.0	47439.0	47668.0	48121.0	50026.0	51668.0	50966.0	14994.0	5603380.0
GM82_trimmed_clipped_R1_paired	22744.0	23890.0	24411.0	26198.0	37794.0	54318.0	54610.0	55756.0	56334.0	56600.0	56708.0	56478.0	56584.0	56008.0	56100.0	56201.0	55969.0	55619.0	55747.0	56772.0	55219.0	54837.0	55702.0	55581.0	57030.0	56976.0	57765.0	59003.0	58413.0	17023.0	7858155.0
GM82_trimmed_clipped_R2_paired	71140.0	66688.0	54480.0	50819.0	50287.0	51007.0	50742.0	50918.0	53600.0	54820.0	56442.0	57232.0	58011.0	58797.0	59542.0	61330.0	60849.0	61892.0	61781.0	63118.0	63582.0	62943.0	64362.0	64238.0	65614.0	66070.0	67613.0	70124.0	70319.0	21240.0	7590945.0
GM83_trimmed_clipped_R1_paired	17646.0	18648.0	18720.0	20607.0	29682.0	42602.0	43362.0	43908.0	45118.0	45587.0	46002.0	46757.0	46100.0	45865.0	46154.0	46311.0	46858.0	46164.0	46461.0	47349.0	46304.0	46720.0	47157.0	47319.0	48445.0	48672.0	48630.0	48655.0	48328.0	14128.0	6358088.0
GM83_trimmed_clipped_R2_paired	67433.0	64110.0	51987.0	47754.0	47138.0	47568.0	47287.0	47814.0	48694.0	50195.0	51520.0	52090.0	52704.0	53722.0	54679.0	55307.0	56051.0	56236.0	56418.0	57597.0	58530.0	57644.0	59242.0	59373.0	60660.0	61453.0	62623.0	63323.0	63412.0	19293.0	5960490.0
GM84_trimmed_clipped_R1_paired	18772.0	19421.0	19616.0	21547.0	31021.0	44667.0	45783.0	47039.0	47924.0	48329.0	49023.0	49166.0	48861.0	48450.0	49159.0	49050.0	49456.0	48449.0	48882.0	49216.0	48917.0	48287.0	48821.0	48893.0	50242.0	50065.0	51154.0	52776.0	52303.0	15159.0	6948398.0
GM84_trimmed_clipped_R2_paired	64534.0	63382.0	52550.0	49171.0	48792.0	48938.0	49681.0	50036.0	51955.0	53043.0	54241.0	55465.0	55307.0	56461.0	57530.0	58944.0	57991.0	59008.0	59054.0	60305.0	60717.0	59878.0	61462.0	61149.0	61916.0	62691.0	64174.0	66709.0	66180.0	19829.0	6557753.0
GM85_trimmed_clipped_R1_paired	16476.0	17711.0	17905.0	19556.0	28378.0	41099.0	42225.0	42800.0	44133.0	44954.0	45018.0	44932.0	44902.0	45049.0	45255.0	45620.0	45935.0	45861.0	45922.0	46393.0	45944.0	46078.0	46396.0	46894.0	47877.0	47628.0	48880.0	49236.0	48525.0	14344.0	5873385.0
GM85_trimmed_clipped_R2_paired	63832.0	59714.0	48497.0	44641.0	44771.0	45045.0	45209.0	45867.0	47437.0	48314.0	49674.0	51040.0	51888.0	51998.0	53243.0	54941.0	54926.0	55468.0	55631.0	56593.0	57463.0	56752.0	57590.0	57940.0	59210.0	59638.0	60680.0	61456.0	61667.0	18678.0	5505508.0
GM86_trimmed_clipped_R1_paired	14947.0	15981.0	15995.0	17331.0	25229.0	36491.0	37760.0	37752.0	38894.0	39521.0	39345.0	39860.0	39460.0	39580.0	39538.0	39532.0	39883.0	39450.0	39641.0	40128.0	38530.0	39134.0	39418.0	39746.0	40463.0	40191.0	41094.0	42213.0	41672.0	12200.0	5546536.0
GM86_trimmed_clipped_R2_paired	54272.0	52086.0	41942.0	38975.0	38348.0	39004.0	38757.0	39098.0	40454.0	40585.0	41917.0	42761.0	43528.0	44101.0	44614.0	45784.0	45455.0	46214.0	46500.0	46969.0	47551.0	46743.0	47855.0	48146.0	48478.0	48883.0	50703.0	51508.0	51835.0	15412.0	5269037.0
GM87_trimmed_clipped_R1_paired	18694.0	20290.0	20719.0	22783.0	32281.0	45657.0	47583.0	47834.0	48555.0	48505.0	48177.0	48667.0	47883.0	48236.0	48243.0	48270.0	48052.0	48190.0	48589.0	49371.0	49287.0	50177.0	49620.0	50790.0	52567.0	53828.0	55276.0	54116.0	52477.0	14953.0	7321275.0
GM87_trimmed_clipped_R2_paired	49649.0	50416.0	45275.0	42429.0	43696.0	42916.0	43210.0	43167.0	44386.0	45516.0	46725.0	47919.0	49132.0	50178.0	50365.0	51749.0	52351.0	53606.0	53342.0	54348.0	55949.0	57146.0	58283.0	60202.0	62220.0	61999.0	64516.0	63045.0	64155.0	19239.0	7113816.0
GM88_trimmed_clipped_R1_paired	16307.0	17280.0	17350.0	18921.0	27047.0	39051.0	39700.0	40620.0	41196.0	41660.0	41540.0	41537.0	41312.0	41533.0	41447.0	41153.0	41160.0	40900.0	41220.0	41727.0	40676.0	41083.0	41112.0	41664.0	41834.0	41767.0	42480.0	44390.0	43851.0	12680.0	5666319.0
GM88_trimmed_clipped_R2_paired	56905.0	52548.0	42281.0	39547.0	39117.0	39685.0	39660.0	40212.0	41341.0	42417.0	43352.0	44480.0	44975.0	45581.0	46037.0	46991.0	47082.0	47395.0	47567.0	48622.0	49072.0	48547.0	49776.0	49565.0	50159.0	51006.0	52145.0	53757.0	53892.0	16166.0	5400637.0
GM89_trimmed_clipped_R1_paired	16592.0	17562.0	18176.0	20164.0	29692.0	43096.0	44814.0	45597.0	46938.0	48085.0	47392.0	47580.0	47587.0	48001.0	48214.0	48098.0	48145.0	47952.0	48740.0	49071.0	48428.0	48337.0	49269.0	49904.0	50400.0	50048.0	51865.0	53384.0	53218.0	15029.0	7377632.0
GM89_trimmed_clipped_R2_paired	56232.0	54285.0	46035.0	43587.0	44095.0	44900.0	45140.0	45310.0	47582.0	48150.0	50392.0	51489.0	52298.0	53584.0	54105.0	54695.0	55735.0	56275.0	57219.0	57635.0	58233.0	59037.0	61590.0	61979.0	61621.0	61212.0	63257.0	65962.0	67595.0	20086.0	7059695.0
GM8_trimmed_clipped_R1_paired	14802.0	15636.0	15671.0	17642.0	25849.0	37744.0	38694.0	39604.0	40287.0	40470.0	40624.0	40924.0	40567.0	40366.0	40807.0	40752.0	40345.0	40201.0	40464.0	40614.0	40446.0	41016.0	40583.0	40589.0	41191.0	42769.0	42374.0	43794.0	42365.0	12405.0	5731031.0
GM8_trimmed_clipped_R2_paired	43712.0	40404.0	34222.0	32531.0	32791.0	33452.0	34143.0	34881.0	35755.0	36941.0	38357.0	38818.0	39800.0	40364.0	41068.0	41540.0	42477.0	42417.0	42800.0	43214.0	44389.0	43755.0	44505.0	45475.0	45606.0	46436.0	47781.0	49020.0	49977.0	14398.0	5609597.0
GM90_trimmed_clipped_R1_paired	18895.0	19987.0	20213.0	22003.0	31644.0	45140.0	46497.0	46556.0	47353.0	48122.0	48655.0	48466.0	48757.0	48208.0	48246.0	48400.0	48651.0	48184.0	47907.0	48465.0	47972.0	47742.0	48505.0	48530.0	49578.0	49563.0	49870.0	50657.0	50447.0	14630.0	6619180.0
GM90_trimmed_clipped_R2_paired	56277.0	53790.0	43711.0	41846.0	41512.0	42080.0	42674.0	43383.0	45337.0	46304.0	47560.0	48566.0	49468.0	50075.0	51017.0	52152.0	52296.0	53116.0	53092.0	54107.0	54764.0	54111.0	55276.0	55417.0	56758.0	57486.0	58575.0	58834.0	59350.0	18007.0	6410082.0
GM91_trimmed_clipped_R1_paired	17370.0	18304.0	18575.0	20014.0	29420.0	42154.0	43729.0	44468.0	45849.0	46172.0	46670.0	47129.0	46970.0	46932.0	47817.0	47623.0	47812.0	47404.0	47671.0	48419.0	47512.0	47810.0	48512.0	48689.0	49659.0	49902.0	50859.0	50602.0	50229.0	14815.0	6295746.0
GM91_trimmed_clipped_R2_paired	45081.0	44591.0	37757.0	36589.0	37626.0	38456.0	39509.0	40384.0	42120.0	43376.0	45033.0	46569.0	47637.0	48955.0	48990.0	50451.0	50903.0	51649.0	52377.0	53520.0	53482.0	54094.0	54915.0	55216.0	56231.0	57074.0	58500.0	58494.0	58198.0	17610.0	6129450.0
GM92_trimmed_clipped_R1_paired	15395.0	16352.0	16238.0	18002.0	25698.0	36555.0	37219.0	37787.0	38895.0	39049.0	39014.0	39312.0	39140.0	39367.0	39457.0	39857.0	39708.0	38903.0	39349.0	39681.0	39361.0	39180.0	39662.0	39297.0	40248.0	40331.0	41034.0	42704.0	42033.0	12104.0	5588121.0
GM92_trimmed_clipped_R2_paired	55968.0	53735.0	44299.0	41002.0	40202.0	40528.0	40557.0	40878.0	41964.0	42659.0	43867.0	44928.0	44890.0	45754.0	46565.0	47217.0	47444.0	48010.0	48352.0	49076.0	49277.0	48854.0	49898.0	50280.0	51110.0	51692.0	52674.0	54666.0	54714.0	16455.0	5251538.0
GM93_trimmed_clipped_R1_paired	20726.0	22096.0	22287.0	24502.0	35135.0	50813.0	51714.0	51945.0	54223.0	54219.0	54271.0	54460.0	53685.0	54250.0	54235.0	54288.0	53794.0	53247.0	52913.0	54629.0	53629.0	53292.0	53516.0	53729.0	54470.0	54420.0	55201.0	56816.0	56174.0	16195.0	7309541.0
GM93_trimmed_clipped_R2_paired	60071.0	56275.0	47135.0	44859.0	45913.0	46642.0	47068.0	47561.0	48953.0	50506.0	52384.0	53664.0	54147.0	55240.0	55729.0	57038.0	57460.0	57542.0	57737.0	58866.0	59749.0	59172.0	60110.0	60525.0	61685.0	62356.0	63529.0	64884.0	65188.0	19656.0	7112771.0
GM94_trimmed_clipped_R1_paired	13948.0	14735.0	14719.0	16151.0	23387.0	33425.0	34528.0	35172.0	36387.0	37446.0	37560.0	38180.0	37827.0	37990.0	38241.0	38172.0	38750.0	38344.0	38617.0	39334.0	38003.0	38462.0	38644.0	39030.0	39696.0	39877.0	40443.0	42162.0	41434.0	12093.0	5648045.0
GM94_trimmed_clipped_R2_paired	87052.0	86331.0	72040.0	64290.0	61476.0	59986.0	59179.0	58919.0	59402.0	60547.0	61739.0	61883.0	61727.0	61666.0	62390.0	63360.0	62481.0	62995.0	62577.0	63426.0	64186.0	63637.0	64803.0	64253.0	66002.0	66175.0	68087.0	70182.0	70852.0	21484.0	4747675.0
GM95_trimmed_clipped_R1_paired	20051.0	19975.0	20128.0	21905.0	31804.0	46200.0	46967.0	47616.0	48991.0	49225.0	49553.0	49749.0	49582.0	49826.0	49879.0	50034.0	50733.0	49769.0	49871.0	51254.0	50183.0	49974.0	50495.0	50314.0	51494.0	51041.0	52196.0	54161.0	54015.0	15785.0	6732209.0
GM95_trimmed_clipped_R2_paired	73008.0	68914.0	54812.0	50789.0	50257.0	50557.0	50667.0	50998.0	51995.0	53347.0	54761.0	55381.0	56393.0	56580.0	57334.0	58476.0	58881.0	59387.0	59268.0	60451.0	61228.0	60104.0	61608.0	61133.0	62253.0	63161.0	64289.0	66493.0	66423.0	20015.0	6346016.0
GM96_trimmed_clipped_R1_paired	20349.0	21118.0	21328.0	23364.0	33248.0	48415.0	49059.0	49661.0	50939.0	50914.0	51012.0	51267.0	50581.0	50432.0	51492.0	51077.0	51379.0	50500.0	50230.0	51052.0	50600.0	50485.0	50880.0	51410.0	51997.0	51987.0	52610.0	55114.0	53677.0	15631.0	7095522.0
GM96_trimmed_clipped_R2_paired	57116.0	54483.0	45877.0	43691.0	43899.0	44776.0	44966.0	46095.0	47279.0	48824.0	50510.0	51512.0	52167.0	53295.0	53630.0	54649.0	54859.0	55540.0	55452.0	56755.0	57408.0	56636.0	58154.0	58230.0	59612.0	59445.0	61020.0	62775.0	63114.0	18954.0	6886607.0
GM97_trimmed_clipped_R1_paired	16184.0	17276.0	17497.0	19676.0	28818.0	41760.0	43026.0	43883.0	44805.0	45153.0	44508.0	44937.0	44791.0	44774.0	44905.0	44412.0	44302.0	44303.0	44044.0	44982.0	44604.0	44993.0	44237.0	44833.0	45682.0	46765.0	46680.0	48617.0	47189.0	13664.0	6252002.0
GM97_trimmed_clipped_R2_paired	47530.0	45728.0	38448.0	36908.0	36850.0	37653.0	38486.0	38672.0	40216.0	41399.0	42166.0	42953.0	44299.0	45250.0	45222.0	46576.0	47213.0	47254.0	47203.0	48403.0	49621.0	48650.0	50056.0	50820.0	51450.0	51641.0	53590.0	54835.0	55200.0	16385.0	6102625.0
GM98_trimmed_clipped_R1_paired	19115.0	20268.0	20248.0	22326.0	31772.0	45870.0	47466.0	47410.0	48435.0	48966.0	49382.0	49300.0	49178.0	48918.0	49484.0	49217.0	49511.0	48257.0	49011.0	49462.0	48811.0	48312.0	48840.0	48968.0	50110.0	50078.0	50591.0	52701.0	51725.0	14962.0	6896980.0
GM98_trimmed_clipped_R2_paired	70971.0	66295.0	53080.0	49359.0	48879.0	48994.0	48338.0	49202.0	50687.0	51101.0	52689.0	54113.0	54471.0	54774.0	55799.0	56435.0	56230.0	57406.0	56537.0	58073.0	58722.0	58023.0	58948.0	58752.0	59829.0	60389.0	61590.0	63598.0	63515.0	19098.0	6549777.0
GM99_trimmed_clipped_R1_paired	18961.0	19900.0	20186.0	22153.0	31539.0	45918.0	47054.0	47440.0	48847.0	49179.0	49214.0	49591.0	49003.0	48870.0	49053.0	49040.0	49176.0	48583.0	49110.0	49609.0	48364.0	48648.0	49366.0	49069.0	50558.0	49634.0	50507.0	52205.0	51636.0	15090.0	6654691.0
GM99_trimmed_clipped_R2_paired	59653.0	56620.0	47189.0	43895.0	44000.0	44283.0	44487.0	45465.0	46912.0	48537.0	49394.0	50196.0	51021.0	51873.0	51947.0	53653.0	53602.0	54308.0	54654.0	55710.0	56194.0	56305.0	57260.0	57253.0	58172.0	58248.0	59901.0	61868.0	61378.0	18561.0	6409655.0
GM9_trimmed_clipped_R1_paired	15551.0	16398.0	17055.0	19069.0	28009.0	40960.0	42478.0	43016.0	44602.0	44248.0	44983.0	44989.0	44605.0	45109.0	45007.0	44987.0	44575.0	44049.0	44352.0	45039.0	45274.0	45284.0	44500.0	44885.0	45641.0	47275.0	47488.0	48623.0	47323.0	13820.0	6192661.0
GM9_trimmed_clipped_R2_paired	46457.0	46492.0	40491.0	38650.0	38581.0	39251.0	40475.0	40661.0	42832.0	43803.0	45374.0	45676.0	47155.0	47855.0	48146.0	49327.0	50264.0	49707.0	49951.0	51505.0	51942.0	51554.0	52939.0	53555.0	53916.0	55163.0	56226.0	57918.0	58833.0	17431.0	5969725.0
