-747.9254150 -inf -701.7893066 -779.6342163 -615.5730591
-672.2828369 -652.3786011 -699.3964233 -678.8137207 -656.1915894
-621.1575317 -600.4948730 nan -672.4756470 nan
-648.0292969 -620.6636353 -664.7831421 -692.8373413 -619.3696899
-612.1538086 -616.1741943 nan -713.3726807 nan
-616.8802490 -600.6027222 nan -668.0068970 nan
-644.1501465 -629.3677368 -691.2696533 -735.5964355 -638.9364624
-673.9163208 -670.7712402 -714.1793823 -729.9735718 -669.2657471
-766.4592896 -inf -734.4719238 -817.1639404 -636.9544678
-628.4793701 -629.0252686 -686.4281006 -709.6516113 -619.2183838
-650.0728760 -626.1058960 nan -694.3449707 nan
-740.3464966 -inf -689.2639771 -819.1821899 -615.1776123
-642.8008423 -620.9650269 -691.8251953 -718.7205200 -612.3409424
-689.5695190 -676.0968628 nan -712.6476440 nan
-732.2502441 -inf nan -763.2600708 nan
-672.1293335 -658.9497070 nan -736.0800781 nan
-666.5151367 -634.8816528 -699.3505249 -686.1556396 -621.2117920
-653.8345947 -635.4647827 nan -713.3496704 nan
-732.2866821 -inf -682.4419556 -793.4992065 -600.6780396
-652.8282471 -634.4880981 nan -732.7777710 nan
-719.4849854 -inf -654.9626465 -781.7965698 -613.7846680
-748.3423462 -inf -680.9961548 -800.3411865 -615.9283447
-765.6787109 -inf nan -773.9982300 nan
-779.4677734 -761.7806396 -794.4564819 -784.3087158 -756.0060425
-720.5065308 -inf -651.9532471 -763.4147339 -598.3748169
-643.2861328 -622.1569824 nan -709.4665527 nan
-735.8040771 -inf -685.7583618 -796.7489624 -601.0473633
-682.0462646 -653.3001099 nan -727.6492920 nan
-648.4573364 -616.5466919 -699.2900391 -671.1127319 -606.6325073
-684.3057251 -648.4457397 -712.3014526 -683.7741699 -634.1550293
-757.1253662 -inf -710.8385010 -773.1238403 -612.1035767
-644.3905029 -636.3701782 nan -720.6461182 nan
-646.8926392 -614.6119995 -710.0972900 -685.3339844 -605.5939331
-735.4002075 -inf -665.1795044 -763.2974243 -601.0950317
-807.9416504 -inf -723.8719482 -806.8301392 -689.1945801
-727.8660889 -inf -691.2139893 -784.9719238 -595.9807129
-739.5854492 -inf nan -771.5373535 nan
-642.2447510 -623.1482544 -688.7855835 -680.9281006 -613.5593262
-653.4287109 -627.1978760 -682.9808960 -688.7551880 -614.2936401
-633.5054321 -608.2669067 nan -668.9760132 nan
-736.0968628 -inf -696.2977905 -805.1568604 -609.3922119
-617.5160522 -587.9281616 nan -670.1656494 nan
-686.7496948 -656.7456665 -736.1564941 -687.7543945 -636.2806396
-621.3400879 -607.4925537 -692.1820068 -675.9761963 -598.0557251
-724.3602295 -inf -674.7772827 -759.6096802 -582.8498535
-763.0608521 -inf -690.3934326 -804.8383179 -649.9329224
-737.1598511 -inf nan -793.5548096 nan
-726.4058838 -inf nan -775.5569458 nan
-729.7893066 -inf -666.2242432 -778.0996094 -598.2516479
-608.4020996 -589.2146606 nan -666.1085815 nan
-666.7980957 -655.8234253 nan -717.8269653 nan
-653.7783203 -626.4523926 -695.7476807 -680.3579712 -611.4193726
-667.1586914 -658.3807373 nan -725.1733398 nan
-634.6433716 -607.1612549 -667.6051636 -680.2839355 -599.0203857
-617.6838989 -592.1051636 nan -655.4273682 nan
-661.9161377 -629.1890259 nan -713.6297607 nan
-668.0046997 -644.2879028 -719.6978760 -700.2755127 -643.3129883
-635.5204468 -623.4542847 nan -685.4561157 nan
-650.4437256 -615.8220215 -695.3884277 -682.2684937 -606.5584717
-718.5144043 -inf -647.7374878 -786.0484619 -584.2210083
-645.0614624 -611.8200073 nan -654.3656616 nan
-678.1954346 -657.1520996 -698.8670044 -717.6072388 -657.2697754
-617.7333984 -581.5134888 nan -658.2459717 nan
-759.2269897 -inf nan -785.7135620 nan
-749.9097290 -inf -684.1597900 -831.7817993 -634.0705566
-762.6979980 -inf -692.4865112 -832.4387207 -653.3651733
-625.8391724 -606.3557129 -687.2604370 -668.5132446 -601.3645020
-734.5946655 -inf -674.0382080 -778.3770752 -617.4799194
-669.6822510 -650.7979126 -712.7868652 -700.6449585 -647.2520752
-649.2421875 -614.0738525 -673.2913818 -709.4478760 -609.8382568
-649.2706909 -618.8750000 -698.3023682 -683.7151489 -620.1771851
-739.6740723 -inf -667.3311768 -769.5145264 -614.2853394
-655.3950806 -633.0537720 nan -681.1642456 nan
-635.7247314 -621.7008057 -646.8668823 -684.5728760 -615.8207397
-711.6123657 -inf -663.5885010 -739.9563599 -574.3726807
-643.3230591 -635.3015137 -688.7238770 -707.2573242 -625.9631958
-693.2879028 -666.6846313 nan -724.3287964 nan
-642.3455811 -608.2473755 -636.6727905 -688.5259399 -593.4357300
-627.3284912 -603.6333008 nan -659.8256836 nan
-746.5703125 -inf nan -812.7511597 nan
-740.2753906 -inf -659.4203491 -819.2347412 -602.4322510
-622.0039062 -607.5369873 -648.9602661 -671.7817383 -597.0729980
-641.2682495 -605.9154053 -689.4242554 -659.3081665 -595.0541382
-684.7532349 -661.6619873 -705.0788574 -700.2415161 -653.5734863
-745.1997070 -inf -686.1798096 -790.7459106 -612.7978516
-732.9126587 -inf -715.7732544 -773.0039062 -611.2128906
-676.0786743 -637.1810913 nan -684.0821533 nan
-746.2920532 -inf -687.1546021 -839.2827148 -662.9670410
-762.6933594 -inf -698.5139771 -789.2279053 -642.4283447
-646.5281372 -626.0961914 nan -702.7580566 nan
-619.4664917 -616.9357910 nan -702.5113525 nan
-661.4284058 -627.6155396 nan -711.3607788 nan
-686.6798096 -656.5123291 nan -719.1406860 nan
-623.2160034 -623.4653931 -657.5792236 -710.0371094 -616.5867310
-640.0573120 -628.9594116 -679.5933228 -680.2962646 -615.5505371
-704.8650513 -681.8945312 nan -711.6187134 nan
-664.9531250 -630.1196289 -690.2388306 -728.2826538 -624.6033325
-660.9107056 -635.8054199 -714.6178589 -694.1920776 -632.7755127
-650.7127686 -652.6547241 -691.8370972 -714.0915527 -649.4778442
-640.0723877 -615.8897095 nan -705.2118530 nan
-789.1072998 -inf -711.5067139 -808.0097046 -668.9912720
-670.1581421 -635.5650635 -693.2191772 -685.5316162 -622.0798950
-639.8258057 -601.0140381 nan -661.3596191 nan
-669.8679810 -650.4514160 -683.9714966 -698.7833252 -637.6204224
-662.0173340 -629.7001953 -722.9598999 -708.7411499 -622.4557495
-741.7135620 -inf -676.9802246 -771.8005371 -596.1319580
-709.7460327 -inf nan -788.8666382 nan
-681.2348022 -637.1636353 -709.7518921 -696.6087036 -619.8069458
-643.3722534 -621.3176270 -696.7058716 -677.9896240 -600.2091064
-645.3052368 -618.5375366 -690.3901367 -678.9028931 -603.3010254
-714.4359741 -inf nan -773.9868774 nan
-665.8584595 -623.9873657 -725.5630493 -705.8371582 -629.4523315
-622.4216919 -610.7987061 -689.4440918 -656.8379517 -598.2206421
-660.8454590 -621.9038086 nan -691.4010620 nan
-749.2838135 -inf nan -812.8980713 nan
-685.8228149 -644.6707764 nan -725.1105957 nan
-667.7562256 -648.0404053 nan -731.6766968 nan
-718.2046509 -inf -657.7894287 -791.7152710 -584.2424316
-663.0020142 -628.5503540 nan -679.8460083 nan
-638.7092285 -634.2466431 nan -712.4890747 nan
-711.7325439 -689.6456909 nan -715.9773560 nan
-740.0565796 -inf -679.9099121 -772.7698975 -583.7908325
-743.3005371 -inf nan -800.7825317 nan
-634.0690918 -619.0352783 -671.5948486 -679.2023315 -604.6726685
-631.8099976 -635.8779297 -691.4143677 -716.3443604 -620.6448975
-632.1494141 -621.8627930 -663.4744263 -709.5150757 -612.3034058
-734.4002075 -inf -669.3009033 -782.8203125 -597.3218384
-763.2650146 -inf nan -769.9727783 nan
-629.5595703 -604.6607056 -688.6008911 -694.6689453 -577.7172241
-685.7594604 -654.9997559 -715.4592896 -705.0886230 -642.1514282
-726.9863281 -inf nan -789.1491089 nan
-647.4420166 -635.2713623 -694.5779419 -687.0081177 -630.5212402
-619.5253906 -608.1500244 -659.3942261 -704.7360840 -602.3414917
-653.0941772 -625.7228394 -689.9253540 -712.3044434 -621.0502930
-745.0943604 -inf nan -776.5563965 nan
-681.2927246 -659.0590820 -694.0444946 -731.5385132 -662.6884766
-784.1936035 -inf -704.9762573 -799.3941040 -636.2733765
-640.8891602 -607.6899414 -707.6444702 -675.2022095 -583.5417480
-670.4501343 -631.6867065 -693.0603638 -696.6204834 -608.1552124
-654.3052368 -629.2865601 -702.6165161 -703.2465210 -620.9177856
-615.0476074 -614.4547119 -650.0162964 -671.2694092 -603.6795654
-761.0818481 -inf -681.1690063 -796.0775757 -610.3054199
-661.6386719 -634.2796021 -698.0037231 -688.1347656 -615.6608887
-685.4789429 -669.4195557 -727.6050415 -739.5423584 -662.3496094
-732.5569458 -inf nan -774.7195435 nan
-720.9889526 -694.5179443 nan -744.1512451 nan
-727.7618408 -inf nan -810.9123535 nan
-671.8909912 -651.3837891 nan -711.4835815 nan
-666.7429199 -634.0427856 -698.1441650 -698.6525879 -613.8533325
-744.4952393 -inf -689.5036621 -754.3723145 -584.2499390
-646.9906006 -639.0422974 -701.3853149 -668.2728271 -620.5817871
-789.4831543 -inf nan -787.5242310 nan
-645.8851929 -655.5343628 -663.2819824 -724.2753296 -659.5599976
-765.9526978 -inf nan -823.8439331 nan
-691.9519653 -665.3491821 -720.6513672 -719.5408936 -657.4438477
-663.9286499 -618.6868286 -697.5820312 -692.0415039 -608.6112061
-649.7404175 -626.3096313 -687.8867798 -673.1237793 -615.4702148
