-125491.4218750 -123018.1015625 -124153.5546875 -124698.7421875 -122568.4609375 -123747.7890625 -123373.6796875 -123172.1093750 -123381.0234375 -124659.0312500 -124605.8046875 -123505.9296875 -122665.1953125 -124958.9609375 -123858.8671875
-125299.5390625 -123291.8203125 -124045.5000000 -124805.9765625 -123015.3750000 -123623.8515625 -123529.7656250 -123186.1562500 -123397.3281250 -124833.2734375 -124591.7890625 -123759.8984375 -122849.2109375 -124792.4140625 -123967.6250000
-123442.7343750 -120984.1328125 -122379.1640625 -123151.4218750 -120654.6015625 -121799.2656250 -121288.7890625 -121084.9140625 -121309.5781250 -122875.1328125 -123233.3750000 -121545.8281250 -120589.0390625 -123324.2734375 -121775.2968750
-126261.9921875 -124060.7500000 -124850.9765625 -125499.0468750 -123664.9609375 -124467.0703125 -124110.4062500 -123962.6875000 -124129.4765625 -125738.2265625 -125674.9687500 -124316.7734375 -123471.1562500 -125539.8515625 -124689.0234375
-124742.7421875 -122301.1093750 -123439.0859375 -124361.8671875 -121975.2890625 -122956.3437500 -122665.4531250 -122409.7578125 -122461.5937500 -124128.4609375 -124135.9218750 -122750.4843750 -121782.8593750 -124289.1640625 -123048.7265625
-126091.3593750 -123968.6953125 -124850.2578125 -125664.4687500 -inf nan -124119.1250000 nan -124082.8671875 -125350.8281250 -inf -124266.1484375 -inf -125471.1406250 -124632.0000000
-123994.0000000 -121455.9765625 -122762.7968750 -123146.5468750 -120741.7578125 -122094.8750000 -121607.3984375 -121234.2187500 -121559.1562500 -123367.2968750 -123294.0390625 -121785.7421875 -120765.3828125 -123464.5234375 -122128.1406250
-124242.4062500 -121777.1953125 -122743.7031250 -123925.0859375 -inf nan -122218.7109375 nan -121931.5312500 -123638.9140625 -inf -122111.5000000 -inf -123643.6875000 -122531.3671875
-125153.5625000 -122897.0781250 -123911.5859375 -124734.0078125 -inf nan -123037.2890625 nan -123220.7031250 -124588.5312500 -inf -123368.5859375 -inf -124757.5078125 -123397.2109375
-125140.2031250 -123146.6718750 -124052.2421875 -124914.3906250 -122800.8828125 -123677.7812500 -123419.5390625 -123077.6718750 -123277.0546875 -124709.4687500 -124828.9375000 -123374.7734375 -122474.3046875 -125085.4687500 -123935.8203125
-126342.5937500 -124453.1953125 -125364.0546875 -126106.7343750 -124185.1484375 -125014.9218750 -124561.0781250 -124411.6796875 -124625.1875000 -125569.8046875 -125782.9218750 -124844.5937500 -123957.4843750 -125921.6250000 -125045.7968750
-124261.7187500 -121967.2109375 -123187.4765625 -123937.0781250 -121638.8750000 -122588.5546875 -122156.1328125 -121933.6328125 -122176.1171875 -123642.0312500 -123837.2890625 -122347.3281250 -121318.2421875 -123942.6015625 -122799.1171875
-124668.3593750 -122302.1796875 -123399.3828125 -124231.8828125 -122050.4375000 -122832.5468750 -122508.9375000 -122199.7109375 -122474.9375000 -123819.5000000 -123931.5625000 -122656.1328125 -121717.4453125 -124306.8281250 -123271.2031250
-125236.4375000 -122949.7578125 -124159.4843750 -124692.7890625 -122732.9453125 -123682.9296875 -123148.1953125 -123084.7343750 -123071.5312500 -124693.5156250 -124534.4921875 -123495.0078125 -122510.3515625 -124791.5468750 -123826.1171875
-124854.3515625 -122464.1562500 -123496.5625000 -124215.0937500 -122176.8437500 -123090.1015625 -122842.0390625 -122522.6640625 -122741.1953125 -124174.2968750 -124246.9140625 -123073.0546875 -121927.5937500 -124337.3750000 -123173.7968750
-124680.1484375 -122541.8437500 -123531.0156250 -124209.0625000 -122255.5156250 -123117.6484375 -122831.0546875 -122484.0625000 -122742.5312500 -124108.2421875 -124095.5234375 -123027.6875000 -122128.4687500 -124301.2343750 -123272.1640625
-124684.7187500 -122703.4843750 -123651.2656250 -124207.3359375 -122254.9843750 -123287.7734375 -122859.5156250 -122587.2031250 -122885.6796875 -124234.9765625 -124331.4843750 -123148.4609375 -122086.8906250 -124424.1406250 -123340.6250000
-124962.8593750 -122508.8671875 -123668.5937500 -124298.4765625 -122167.8671875 -123055.2343750 -122697.1796875 -122564.8750000 -122641.7031250 -124206.7968750 -124268.1328125 -123028.5078125 -122050.6718750 -124334.5703125 -123297.5937500
-124840.6093750 -122393.9140625 -123483.1484375 -124206.6015625 -121987.8906250 -123034.9921875 -122319.4531250 -122384.5390625 -122457.7656250 -124013.7109375 -124209.9140625 -122755.4921875 -121688.0234375 -124445.8750000 -123053.0468750
-125349.2812500 -122705.1484375 -123748.3515625 -124405.6953125 -122139.9609375 -123284.1484375 -122764.0703125 -122428.6953125 -122733.9453125 -124255.5937500 -124208.2578125 -123047.7812500 -121975.1328125 -124702.2578125 -123373.8046875
-124811.4531250 -122247.0312500 -123421.8125000 -124213.7578125 -121675.9687500 -122760.0234375 -122235.7421875 -122067.9843750 -122246.7812500 -123978.5937500 -123778.3203125 -122717.0546875 -121418.6093750 -124422.8828125 -122928.2421875
-124174.9375000 -122044.0468750 -122934.5078125 -123888.7343750 -121645.2812500 -122515.7500000 -122064.2109375 -121867.5546875 -121913.7421875 -123574.4687500 -123605.5703125 -122220.0390625 -121401.5937500 -123779.7500000 -122896.5937500
-124068.8281250 -121539.5078125 -122820.2187500 -123685.2187500 -121272.6875000 -122360.6250000 -121829.0078125 -121712.5546875 -121858.0312500 -123611.9218750 -123478.8984375 -122186.1640625 -121175.1953125 -123901.6875000 -122634.9687500
-139414.5468750 -137724.5625000 -138847.3906250 -139018.8437500 -137663.3437500 -138230.8906250 -137877.4843750 -137615.5156250 -137832.7656250 -138828.9062500 -138973.2343750 -138099.5468750 -137272.6406250 -139004.8125000 -138166.4218750
-124656.7109375 -122018.3984375 -123063.3593750 -124048.2812500 -121690.7265625 -122804.2187500 -122198.7890625 -122000.9453125 -122285.2734375 -123777.8906250 -123938.1250000 -122383.7734375 -121413.5312500 -124047.0781250 -122875.6718750
-124792.5625000 -122508.4609375 -123409.0000000 -124254.1562500 -121920.5703125 -123026.7500000 -122829.0000000 -122499.5468750 -122727.6718750 -124244.2968750 -124094.2187500 -122884.5312500 -121851.8906250 -124339.8359375 -123219.2421875
-124515.0312500 -122154.6328125 -123047.2500000 -124032.1562500 -121533.0234375 -122593.4296875 -122316.0390625 -122036.0859375 -122212.8828125 -123785.1562500 -123946.4921875 -122447.9375000 -121381.0312500 -124274.0703125 -122840.5000000
-124532.6093750 -121955.4843750 -123148.7343750 -123691.9531250 -121510.1796875 -122574.7187500 -122236.9687500 -122075.7812500 -121976.6250000 -123944.4843750 -123499.2500000 -122372.0078125 -121264.8046875 -123859.7812500 -122665.0781250
-125265.3828125 -122723.5859375 -123999.7812500 -124930.6093750 -inf nan -123168.9375000 nan -123031.8046875 -124437.6640625 -inf -123247.9843750 -inf -124751.4687500 -123492.2421875
-125234.3906250 -122974.4531250 -123858.2031250 -124734.1406250 -122395.6093750 -123574.7968750 -122970.1093750 -122812.5078125 -122826.2578125 -124550.1328125 -124268.7343750 -123390.7031250 -122296.0468750 -124652.5156250 -123712.6328125
-124092.7500000 -121721.0468750 -122824.6640625 -123525.7656250 -121256.2656250 -122416.1484375 -122078.0000000 -121720.4609375 -121891.0000000 -123581.3437500 -123643.1328125 -121902.5468750 -121166.2421875 -123639.0000000 -122457.0937500
-124371.7812500 -121407.5781250 -122687.8984375 -123476.1093750 -121066.9062500 -122221.9921875 -121968.1171875 -121562.1015625 -121746.1015625 -123400.8906250 -123513.6562500 -121947.7578125 -120914.7343750 -123656.1640625 -122480.3593750
-125014.6250000 -122892.3906250 -123932.1796875 -124629.2578125 -122466.0781250 -123515.6640625 -123184.1953125 -122887.8593750 -123024.8906250 -124339.5312500 -124436.9296875 -123485.0234375 -122266.6484375 -124806.6250000 -123465.5156250
-124800.7031250 -122403.9296875 -123652.4921875 -124244.3437500 -121984.8281250 -123085.4453125 -122538.3671875 -122435.0703125 -122593.0390625 -124086.3515625 -124016.5390625 -122746.0703125 -121901.2968750 -124391.7109375 -123061.8437500
-124645.7343750 -122039.1250000 -123400.7265625 -123948.9921875 -inf nan -122345.9375000 nan -122183.5234375 -124089.6796875 -inf -122485.2656250 -inf -123871.8203125 -122909.8281250
-124678.1562500 -122362.5703125 -123435.8437500 -124125.3437500 -121941.8984375 -122886.4140625 -122459.6250000 -122156.7031250 -122481.2343750 -123989.0703125 -124106.4218750 -122860.5156250 -121821.4921875 -124146.3437500 -123079.0156250
-125208.2109375 -122756.4218750 -123692.3828125 -124372.8750000 -122334.1328125 -123194.1015625 -123100.8750000 -122797.7968750 -122905.2578125 -124715.2656250 -124359.3984375 -123120.2968750 -122258.9453125 -124546.7343750 -123391.6406250
-124517.6171875 -122233.9218750 -123416.4921875 -124183.0546875 -121749.2187500 -122714.9609375 -122386.2812500 -122245.8359375 -122520.2734375 -123721.1796875 -123694.9375000 -122777.7968750 -121524.0234375 -124129.3671875 -122987.3750000
-125499.3515625 -123182.6015625 -124257.7265625 -124823.8593750 -inf nan -123614.6171875 nan -123476.5156250 -124858.8046875 -inf -123798.3359375 -inf -125039.8046875 -123946.8593750
-124304.4765625 -121640.9140625 -122799.7421875 -123499.5937500 -121266.9765625 -122314.5546875 -121800.3359375 -121794.1015625 -121783.2265625 -123405.9765625 -123397.6875000 -122019.2656250 -121037.6562500 -123659.9843750 -122600.6953125
-124084.9531250 -121381.0234375 -122857.3593750 -123546.9843750 -120962.3203125 -122256.2265625 -121711.6171875 -121332.7109375 -121655.6406250 -123471.5781250 -123603.8203125 -121896.6250000 -120889.5859375 -123795.1171875 -122246.3515625
-124276.8437500 -121952.6875000 -123084.0468750 -123659.5859375 -121559.0390625 -122582.4218750 -122243.3828125 -121975.6640625 -122060.7031250 -123607.2109375 -123626.5000000 -122301.3984375 -121564.3046875 -124009.3125000 -122918.6875000
-124720.9921875 -122027.0078125 -123270.9453125 -123944.4453125 -121442.3593750 -122718.7109375 -122384.7343750 -121966.2500000 -122160.0859375 -124047.9765625 -123826.9765625 -122349.0078125 -121349.6953125 -123819.6406250 -122728.9687500
-125188.1171875 -122883.8281250 -123732.3593750 -124638.9765625 -122553.8593750 -123366.4296875 -123341.6640625 -122776.5234375 -123067.5312500 -124350.1328125 -124420.6562500 -123457.5859375 -122443.1640625 -124705.7343750 -123705.5937500
-124520.8828125 -121979.3125000 -123054.6562500 -123910.7812500 -121510.8203125 -122737.4062500 -122155.2890625 -121920.4218750 -122120.8671875 -123650.3671875 -123596.8046875 -122433.3671875 -121284.5625000 -123982.5703125 -122608.6953125
-124678.2031250 -122273.7421875 -123598.2656250 -124204.8593750 -121765.0468750 -122876.3281250 -122414.3906250 -122330.0078125 -122164.0546875 -124082.6796875 -124027.2265625 -122649.8828125 -121690.8984375 -124174.2265625 -123088.6562500
-125291.4375000 -122825.7656250 -123780.2968750 -124682.2968750 -122511.9296875 -123555.3750000 -123210.7890625 -122823.9765625 -122991.6562500 -124425.0390625 -124399.3046875 -123142.3593750 -122363.4765625 -124724.0546875 -123467.2343750
-124808.4765625 -122700.3828125 -123644.9765625 -124355.8359375 -122212.1406250 -123346.4453125 -123039.8281250 -122705.5703125 -122823.6093750 -124145.8125000 -124263.9921875 -123103.5312500 -122227.3671875 -124451.7812500 -123389.4296875
-124630.4765625 -122341.7656250 -123592.7890625 -124267.5078125 -122030.9843750 -122893.7187500 -122474.8046875 -122420.3281250 -122696.5781250 -124057.3671875 -124120.4531250 -122685.2421875 -121867.7500000 -124254.0937500 -123147.3750000
-124747.2890625 -122582.3281250 -123881.9921875 -124450.6093750 -122252.1953125 -123253.4531250 -122896.2265625 -122696.9453125 -122595.7968750 -124250.5468750 -124184.5078125 -123095.1093750 -122125.8203125 -124507.2812500 -123386.9921875
-124459.1718750 -121798.5937500 -122998.0703125 -123860.5000000 -inf nan -122202.8125000 nan -121982.0312500 -123775.4687500 -inf -122291.9687500 -inf -124209.9531250 -122722.5078125
-125264.8593750 -123054.7812500 -123949.6484375 -124527.8671875 -122396.3984375 -123249.3593750 -123236.2500000 -122860.9218750 -122843.2578125 -124594.6796875 -124555.0468750 -123209.1562500 -122188.6562500 -124769.3671875 -123573.7343750
-124531.2343750 -121757.8515625 -123096.3828125 -123970.0625000 -121438.8906250 -122648.4921875 -121863.8359375 -121674.9218750 -122063.6875000 -123711.3437500 -123928.3359375 -122451.6953125 -121169.5937500 -123957.3437500 -122722.4218750
-124730.4609375 -122474.6484375 -123565.0156250 -124384.6562500 -121921.3906250 -123138.4140625 -122680.6562500 -122495.6171875 -122630.7187500 -124149.4921875 -124138.5390625 -122937.7109375 -121877.5468750 -124301.6562500 -123332.0546875
-124508.7109375 -121969.5625000 -123346.5859375 -123863.0234375 -121640.9609375 -122822.5312500 -122257.9531250 -121874.2500000 -122119.2031250 -123845.1718750 -123844.1875000 -122324.7343750 -121410.5781250 -123922.1562500 -122599.9218750
-124169.1562500 -121514.3984375 -122893.3203125 -123626.3671875 -120993.1015625 -122366.0546875 -121590.5468750 -121575.7734375 -121679.1484375 -123356.1640625 -123316.3281250 -121946.3750000 -120928.2734375 -123534.9531250 -122295.1093750
-124064.8828125 -121755.8593750 -123042.8046875 -123647.7265625 -121368.2265625 -122384.0546875 -122034.9218750 -121828.4453125 -121878.4453125 -123485.7578125 -123455.0703125 -122040.6484375 -121262.2265625 -123699.7265625 -122521.0234375
-124719.1328125 -122075.8593750 -123469.8906250 -123968.8437500 -121678.5546875 -122675.2265625 -122101.7031250 -122040.4453125 -122016.3203125 -123790.8593750 -123733.0078125 -122488.0468750 -121389.2500000 -124213.3203125 -122937.6718750
-124400.8593750 -122157.0625000 -123373.7890625 -124059.3906250 -121741.6171875 -122826.1484375 -122314.5937500 -122168.9609375 -122278.9843750 -124002.4296875 -123906.4296875 -122747.5000000 -121535.5390625 -124065.8906250 -122632.6562500
-124690.9687500 -122064.6328125 -123210.1562500 -123763.6093750 -121769.5625000 -122687.3125000 -122316.6250000 -122184.1171875 -122227.5781250 -123791.9687500 -123980.1562500 -122397.7109375 -121508.2187500 -124108.9062500 -122815.1406250
-124458.9687500 -122301.4062500 -123503.9843750 -123998.8203125 -122001.4531250 -122962.9609375 -122552.0937500 -122390.5312500 -122443.6171875 -123962.4218750 -124108.0859375 -122785.6953125 -121802.9453125 -124130.1406250 -123032.5234375
-124938.1875000 -122458.1171875 -123602.4765625 -124495.2734375 -121973.4609375 -123129.3984375 -122706.5703125 -122466.4843750 -122801.3593750 -124180.6093750 -124241.6015625 -122945.4765625 -121774.3906250 -124416.0000000 -123259.7968750
-124763.4140625 -122135.5078125 -123498.0937500 -124089.8046875 -121806.0234375 -122897.6718750 -122457.9687500 -122356.3203125 -122458.8671875 -123933.8671875 -123948.6250000 -122580.0703125 -121595.8828125 -124203.9218750 -122833.3437500
-125499.5234375 -123518.7421875 -124416.6406250 -125106.9843750 -123194.3125000 -124011.1093750 -123738.9765625 -123401.9609375 -123738.8281250 -125109.1406250 -124803.9140625 -123792.5390625 -122999.5390625 -125298.9453125 -124187.5000000
-125795.8750000 -123650.0625000 -124773.1406250 -125568.1718750 -123267.2109375 -124468.9296875 -123899.4375000 -123803.7968750 -123894.6640625 -125225.3437500 -125220.2890625 -123901.3984375 -123232.5703125 -125495.9921875 -124325.0078125
-126141.6093750 -123800.6562500 -124778.7890625 -125272.0000000 -123515.9140625 -124356.5625000 -124192.3281250 -123686.2421875 -124049.8125000 -125246.4375000 -125353.9765625 -124134.5468750 -123365.5937500 -125505.8359375 -124534.0312500
-125489.8515625 -123189.7343750 -124235.2343750 -124745.9218750 -122829.1562500 -123718.9531250 -123546.3203125 -123103.9062500 -123318.0312500 -125002.0703125 -124869.5078125 -123488.4765625 -122705.6953125 -125154.8593750 -123932.4609375
-124304.2265625 -121940.6640625 -123013.5468750 -123799.3046875 -121369.9453125 -122372.1328125 -122099.9609375 -121724.8984375 -121884.0312500 -123447.5546875 -123595.2656250 -122241.9375000 -121241.3359375 -123942.5859375 -122410.5000000
-124354.3906250 -122036.0859375 -123176.5156250 -123568.9843750 -121425.2890625 -122501.1875000 -122134.2031250 -121794.0156250 -122075.8593750 -123561.3281250 -123704.4296875 -122282.6250000 -121373.7812500 -123779.4453125 -122717.5078125
-125989.3125000 -123586.4921875 -124482.6093750 -125072.0859375 -123262.6328125 -124154.8046875 -123770.4218750 -123436.0546875 -123592.0468750 -125112.0078125 -124894.2265625 -124004.6640625 -123059.5703125 -125232.5859375 -124202.8203125
-124675.5859375 -122545.6796875 -123456.4453125 -124173.1328125 -122126.9687500 -122968.6796875 -122954.8828125 -122558.8125000 -122670.6875000 -124165.0546875 -124221.9296875 -123012.7578125 -121939.8515625 -124361.6640625 -123250.7187500
-126344.6562500 -124315.4531250 -125287.4453125 -125838.3828125 -124077.5859375 -124789.6796875 -124619.2187500 -124393.9453125 -124568.1640625 -125728.4140625 -125672.6875000 -124779.4687500 -123847.8828125 -126019.1718750 -124979.2421875
-126014.0390625 -124290.2812500 -125093.9687500 -125779.9453125 -123713.8828125 -124701.8828125 -124212.4296875 -124081.1093750 -124444.4296875 -125684.6406250 -125633.1484375 -124783.5781250 -123749.1562500 -125602.3046875 -124870.4609375
-125291.3671875 -123137.5625000 -124046.6406250 -124904.7578125 -122853.7578125 -123739.3125000 -123285.2812500 -123157.1015625 -123322.3750000 -124625.7968750 -124754.4531250 -123524.6953125 -122633.7890625 -124981.6093750 -123831.2031250
-124529.2968750 -122160.3437500 -123390.5312500 -124037.5703125 -121926.6953125 -123064.0000000 -122451.8437500 -122398.7031250 -122369.7734375 -123771.5234375 -123941.3437500 -122571.8671875 -121808.4609375 -124198.3906250 -123154.3671875
-125609.1640625 -123389.6171875 -124411.1875000 -125021.4296875 -122889.6640625 -123779.3906250 -123433.8125000 -123328.5546875 -123481.9921875 -124878.6640625 -124956.0546875 -123650.5859375 -122718.9062500 -125235.3593750 -124174.1640625
-125649.5000000 -123694.8671875 -124592.2421875 -125266.3593750 -123261.2968750 -124231.8515625 -123913.1875000 -123587.2187500 -123693.1484375 -125312.3515625 -125074.9453125 -124347.6875000 -123158.0781250 -125528.8125000 -124277.6953125
-125060.0390625 -122985.2343750 -123910.0000000 -124996.0781250 -122685.8125000 -123723.7187500 -123264.2187500 -122810.5781250 -123167.3046875 -124697.4140625 -124669.4296875 -123384.7968750 -122470.6328125 -124788.4921875 -123617.8281250
-125444.5312500 -123127.0390625 -124310.8125000 -124932.8750000 -122904.7187500 -123860.2343750 -123477.3437500 -123185.1250000 -123320.9687500 -124753.5000000 -124688.3203125 -123593.4375000 -122752.1796875 -125201.7734375 -124004.5781250
-125567.9453125 -123436.1328125 -124250.3671875 -125070.3203125 -122872.5937500 -123941.2500000 -123618.3359375 -123183.8906250 -123392.6640625 -124868.2109375 -124723.2890625 -123922.4296875 -122770.4140625 -125213.1406250 -124021.6171875
-125051.1250000 -122872.0781250 -123968.0156250 -124551.1562500 -122524.8671875 -123479.0859375 -123202.0546875 -122753.5390625 -122959.9765625 -124784.2812500 -124479.7890625 -123185.8984375 -122339.9687500 -124512.8359375 -123575.5859375
-125085.5234375 -122833.6875000 -123937.2421875 -124784.6250000 -122415.9921875 -123454.8906250 -123155.2578125 -122964.9687500 -123118.2421875 -124469.0156250 -124378.3593750 -123222.8437500 -122330.5546875 -124641.5937500 -123567.4687500
-125055.8046875 -122575.1250000 -123510.3906250 -124335.4453125 -122059.5312500 -123044.4375000 -122865.1250000 -122450.7812500 -122657.0312500 -124295.6796875 -123996.8515625 -122780.8828125 -121848.5468750 -124478.7656250 -123283.1093750
-125388.3984375 -123304.1015625 -124226.7421875 -124853.5937500 -122980.1718750 -123812.0390625 -123522.1796875 -123317.1875000 -123284.4375000 -124912.6718750 -124678.1328125 -123660.0703125 -122813.2343750 -124840.0468750 -123985.4531250
-124772.2578125 -122098.8281250 -123429.0625000 -124137.6562500 -121704.7578125 -122742.2578125 -122304.9765625 -122122.9140625 -122507.8125000 -123862.7421875 -124008.8593750 -122641.5468750 -121503.9921875 -124246.2265625 -123103.5937500
-124962.7656250 -122688.2890625 -123651.6484375 -124325.5625000 -122211.1640625 -123193.0781250 -123006.6718750 -122740.7031250 -122703.6562500 -124333.8281250 -124211.0234375 -123047.2890625 -122229.3984375 -124504.0625000 -123526.4531250
-125417.1484375 -123321.6406250 -124262.4687500 -124863.6640625 -122971.1562500 -123611.9453125 -123364.8281250 -123303.9609375 -123420.9609375 -124910.1718750 -124599.0703125 -123788.4140625 -122737.1640625 -125079.2812500 -124083.9531250
-124580.4218750 -122275.8125000 -123258.4843750 -124155.7812500 -inf nan -122441.5390625 nan -122462.6015625 -124009.6484375 -inf -122706.4609375 -inf -124110.9140625 -122810.7265625
-124610.3828125 -122325.2656250 -123448.8906250 -124192.8750000 -122067.6640625 -122690.0312500 -122752.8984375 -122141.8281250 -122534.0234375 -124014.2421875 -124006.0234375 -122683.2031250 -121694.8593750 -124224.0859375 -123125.4062500
-125527.0781250 -123538.4843750 -124602.9062500 -125000.5234375 -inf nan -123816.2031250 nan -123873.6718750 -125121.7890625 -inf -124044.3203125 -inf -125239.7734375 -124188.7812500
-125113.8281250 -122966.7187500 -124004.4140625 -124606.5703125 -inf nan -123269.0234375 nan -123312.6562500 -124622.2109375 -inf -123378.3906250 -inf -124502.8828125 -123769.7734375
-124918.2343750 -122826.8046875 -123671.2812500 -124434.3046875 -122372.2265625 -123501.7343750 -122823.4062500 -122738.5781250 -122926.9140625 -124310.3437500 -124395.6406250 -123252.9531250 -122310.4453125 -124498.1640625 -123259.5078125
-125590.1015625 -123348.3359375 -124328.4921875 -125045.1406250 -122938.4062500 -123827.9921875 -123565.4609375 -123460.7031250 -123415.8515625 -125096.9531250 -124833.2968750 -123658.3359375 -122861.9765625 -124968.3125000 -124057.1328125
-125347.5781250 -122973.8671875 -123959.1640625 -124968.8671875 -122730.5156250 -123540.4531250 -122984.9843750 -123006.2890625 -123080.8671875 -124708.3828125 -124510.8515625 -123295.3515625 -122210.9843750 -125285.8750000 -123661.2578125
-125726.3515625 -123610.3125000 -124535.3515625 -125192.3281250 -123261.8203125 -123941.1328125 -123801.6406250 -123708.3125000 -123529.7812500 -125127.8359375 -125137.8828125 -123843.1562500 -123044.1015625 -125330.0312500 -124360.2421875
-125839.2500000 -123631.2968750 -124472.7578125 -125144.1484375 -123274.5468750 -124053.6328125 -123829.8593750 -123632.0937500 -123631.6875000 -125335.3750000 -125249.1484375 -124028.4609375 -122826.4843750 -125363.0000000 -124247.6796875
-124621.9687500 -122266.2421875 -123284.2187500 -124101.7343750 -121672.4375000 -122865.2734375 -122390.8437500 -122254.6718750 -122291.6718750 -123885.4140625 -123637.2421875 -122672.4140625 -121535.5781250 -124142.8046875 -122834.3203125
-124469.3515625 -122241.6562500 -123309.6562500 -123980.2343750 -121496.6250000 -122673.4609375 -122390.9609375 -121930.1875000 -122216.1875000 -124018.0156250 -123816.0000000 -122417.8984375 -121429.6328125 -124103.0625000 -122969.2421875
-125541.4140625 -123538.8984375 -124394.4453125 -125100.6015625 -123133.2500000 -123923.6796875 -123606.9375000 -123365.9921875 -123361.3203125 -124910.7109375 -124913.0625000 -123778.2421875 -122900.3203125 -125064.9765625 -124144.6015625
-125051.3437500 -122695.6328125 -123865.4375000 -124479.1796875 -122285.1640625 -123272.6796875 -123145.1406250 -122664.7421875 -122766.1406250 -124442.5468750 -124525.5937500 -123273.9218750 -122165.6171875 -124593.6171875 -123447.4140625
-125000.1796875 -122802.9765625 -123849.4843750 -124598.8515625 -122401.8906250 -123333.2500000 -122960.9296875 -122758.2812500 -122741.0468750 -124386.5468750 -124207.7500000 -123217.8125000 -122320.2968750 -124585.0781250 -123385.5312500
-125501.9531250 -123198.7109375 -124314.2734375 -124958.3203125 -122721.1718750 -123844.7500000 -123457.8593750 -123210.1953125 -123356.2343750 -124646.6250000 -124673.0390625 -123532.2500000 -122730.3125000 -124837.3203125 -123929.7187500
-124833.1875000 -122714.2656250 -123719.1718750 -124400.7656250 -122238.8750000 -123243.4843750 -122828.9140625 -122561.3593750 -122764.8359375 -124044.6953125 -124274.6093750 -122939.2656250 -122191.1328125 -124268.2109375 -123194.8828125
-125408.6953125 -123469.8906250 -124418.8203125 -125069.3906250 -122949.2187500 -123698.4921875 -123567.3593750 -123278.9218750 -123328.0078125 -124739.5703125 -125086.0156250 -123557.0781250 -122666.8593750 -125036.9765625 -124023.6328125
-125145.3125000 -122922.5859375 -123856.7031250 -124497.3359375 -inf nan -123140.7890625 nan -123004.9296875 -124757.8437500 -inf -123276.8125000 -inf -124741.8515625 -123621.2890625
-125730.6250000 -123641.0546875 -124552.9531250 -125171.8515625 -123207.5703125 -124206.3281250 -123886.6796875 -123737.4140625 -123562.5000000 -125022.9375000 -125022.3515625 -124009.9218750 -123106.2265625 -125290.4218750 -124227.3593750
-125233.3046875 -123206.2812500 -124018.3593750 -124634.6875000 -122821.6328125 -123744.8515625 -123290.7734375 -123208.1640625 -123287.3906250 -124661.7968750 -124710.5781250 -123530.8750000 -122560.1171875 -124893.5937500 -123915.5234375
-126272.5234375 -124417.7109375 -125302.6406250 -125947.5156250 -123806.4531250 -124924.6406250 -124429.3828125 -124347.1875000 -124509.5156250 -125885.9843750 -125695.8125000 -124530.4765625 -123796.3750000 -126177.3203125 -124900.8671875
-125034.7265625 -122685.0546875 -123696.7578125 -124483.8281250 -inf nan -123277.6640625 nan -122908.2578125 -124474.1328125 -inf -123052.3046875 -inf -124464.1015625 -123488.8906250
-124905.0859375 -122670.1953125 -123476.5078125 -124355.7031250 -122102.3281250 -123225.8359375 -122828.8281250 -122438.3671875 -122672.5312500 -124122.6328125 -124193.8750000 -122978.3125000 -122012.5312500 -124294.8515625 -123372.1875000
-124487.9375000 -122283.6640625 -123290.8906250 -124136.1171875 -121856.6953125 -122939.1953125 -122594.2890625 -122335.2812500 -122464.6718750 -124015.0312500 -123926.7109375 -122632.5859375 -121869.0234375 -124147.3828125 -123022.8046875
-124901.0156250 -122100.9062500 -123384.9453125 -124242.5468750 -121737.3593750 -123154.5468750 -122430.9140625 -122472.1328125 -122262.2890625 -124181.7421875 -123864.0937500 -122696.6093750 -121454.0546875 -124354.4531250 -122960.6328125
-125326.9296875 -123319.2031250 -124404.5937500 -124896.6640625 -122744.2890625 -123735.5312500 -123522.8828125 -123132.3515625 -123530.2421875 -124804.5781250 -124790.0234375 -123636.6718750 -122700.6328125 -125091.4765625 -124023.9843750
-124763.9765625 -122227.5468750 -123177.4765625 -123902.7421875 -121663.2343750 -122712.9765625 -122403.4453125 -122010.7187500 -122238.3359375 -123983.0781250 -123787.1718750 -122528.8593750 -121510.8203125 -124083.3281250 -122926.3984375
-125076.3515625 -122436.5312500 -123451.7109375 -124409.8203125 -122015.1328125 -123166.0859375 -122545.7578125 -122407.7812500 -122650.7578125 -124271.1718750 -124168.5234375 -122919.5234375 -121923.5937500 -124584.5000000 -123349.5390625
-125103.3671875 -122896.3828125 -124010.2500000 -124743.1953125 -122436.4531250 -123229.1250000 -123016.9062500 -122960.9296875 -122988.2109375 -124570.3203125 -124420.6718750 -123280.8359375 -122345.8671875 -124513.4140625 -123762.0859375
-125883.5312500 -123599.6093750 -124632.6953125 -125200.0000000 -123146.6718750 -124104.1796875 -123772.7656250 -123680.7265625 -123769.0781250 -125191.1250000 -125079.8671875 -124054.2421875 -123058.4062500 -125344.4062500 -124346.0000000
-124210.8359375 -121885.4765625 -122888.0859375 -123841.7187500 -121299.3515625 -122495.3828125 -122064.3984375 -121738.2812500 -121916.1953125 -123617.2578125 -123526.5859375 -122198.1796875 -121230.1250000 -123884.2812500 -122732.3906250
-125475.6484375 -123233.8671875 -124181.1093750 -124784.1562500 -122770.1718750 -123724.5000000 -123520.8984375 -123273.2968750 -123244.0000000 -124815.0390625 -124874.4296875 -123452.1093750 -122789.3203125 -124752.6484375 -123908.7890625
-124347.2109375 -121963.1250000 -122937.8046875 -123879.9921875 -121650.5937500 -122388.8281250 -122194.5937500 -121822.4218750 -122088.0468750 -123695.1640625 -123632.5703125 -122167.9843750 -121252.4921875 -123854.9453125 -122692.4765625
-124541.2500000 -121976.6875000 -123248.5937500 -124002.0312500 -121560.2265625 -122742.0234375 -122285.7812500 -122043.7500000 -122001.5156250 -124096.7968750 -123692.0000000 -122478.9296875 -121388.6406250 -123946.6875000 -122839.6093750
-124629.4218750 -122228.5390625 -123207.5078125 -124076.6171875 -121866.6484375 -122827.8359375 -122366.3046875 -122221.1562500 -122392.5546875 -123860.0625000 -123694.0234375 -122621.5937500 -121669.0859375 -123966.2109375 -122976.8593750
-124100.7421875 -121879.4921875 -122650.4765625 -123377.8515625 -121249.8437500 -122300.9531250 -121867.3203125 -121649.3203125 -121799.1171875 -123570.7890625 -123324.9296875 -122126.9687500 -121101.6328125 -123891.9921875 -122420.9921875
-125351.8750000 -123025.7109375 -124015.8437500 -124661.8984375 -122560.8984375 -123621.0000000 -123031.4062500 -122945.6718750 -123177.2031250 -124577.3281250 -124693.5156250 -123437.6562500 -122387.8593750 -124758.9453125 -123756.6250000
-124995.8984375 -122267.9687500 -123574.5312500 -124385.2031250 -121746.6171875 -123054.8984375 -122529.4609375 -122285.5000000 -122509.8281250 -123840.0859375 -123974.2890625 -122658.5468750 -121469.1328125 -124265.9687500 -123082.3203125
-124571.5234375 -122078.1562500 -123026.8203125 -123785.0390625 -121578.0234375 -122612.8359375 -122186.3515625 -121979.5859375 -122122.2578125 -123970.8750000 -123649.3671875 -122506.8750000 -121394.9609375 -124198.5078125 -122910.5625000
-124931.8515625 -122836.1171875 -123778.8046875 -124454.5937500 -122253.5156250 -123252.5937500 -122789.3046875 -122605.4609375 -123005.0703125 -124249.1093750 -124258.1796875 -123179.2890625 -122249.7187500 -124545.8125000 -123544.0078125
-124693.3671875 -122678.8281250 -123724.5703125 -124234.2578125 -122164.6718750 -123130.0625000 -122616.6406250 -122528.9765625 -122678.9062500 -124361.3046875 -124381.6015625 -123030.1484375 -122168.6328125 -124315.0000000 -123280.9375000
-123877.2109375 -121107.4218750 -122393.1093750 -123178.2109375 -120700.8750000 -121747.3125000 -121582.7578125 -121142.8906250 -121378.1250000 -122995.3750000 -122750.1562500 -121623.2890625 -120551.5546875 -123299.4687500 -122185.9453125
-124576.4609375 -122555.9921875 -123784.6250000 -124187.3515625 -122129.6796875 -123313.9765625 -122719.2968750 -122659.4140625 -122802.8046875 -124220.8828125 -124070.2109375 -123082.8203125 -122145.7109375 -124482.2031250 -123326.3671875
-124657.7265625 -122245.5859375 -123593.6093750 -124212.1171875 -121890.3437500 -122945.4062500 -122455.7734375 -122111.9765625 -122485.1875000 -124017.7812500 -123885.7578125 -122746.6093750 -121602.9140625 -124471.0156250 -123123.9453125
-124073.4609375 -121780.3281250 -123064.0625000 -123801.7343750 -121586.7656250 -122402.7812500 -122021.2031250 -121974.3203125 -122027.8046875 -123727.2343750 -123580.7890625 -122238.8125000 -121372.0703125 -123901.8203125 -122714.5859375
-125162.4218750 -122824.7656250 -123926.4765625 -124605.8828125 -122434.7890625 -123249.7031250 -123066.0390625 -122927.8984375 -122781.4296875 -124355.2734375 -124364.3281250 -123341.0078125 -122201.2265625 -124631.0859375 -123553.0156250
-125180.9140625 -122939.6484375 -123949.5000000 -124557.6484375 -122471.1171875 -123386.4062500 -122975.0312500 -122843.6093750 -122988.2656250 -124430.0859375 -124363.6640625 -123039.3281250 -122287.7656250 -124928.1640625 -123482.4296875
-125126.2578125 -123032.3203125 -124095.5156250 -124686.6406250 -122807.1015625 -123608.2265625 -123276.2734375 -122949.5000000 -123137.2187500 -124645.5000000 -124536.3984375 -123450.6562500 -122603.1562500 -124871.2890625 -123822.1015625
-125907.3437500 -123721.1250000 -124453.1953125 -125205.2421875 -123265.7656250 -124065.5781250 -123703.7812500 -123652.0468750 -123689.5781250 -125297.4531250 -125206.5468750 -124013.9843750 -123081.0390625 -125322.6171875 -124334.8437500
-125360.8671875 -123232.7265625 -124411.3750000 -125147.3671875 -123064.4296875 -124100.9296875 -123497.6093750 -123472.0703125 -123534.4687500 -124981.7265625 -124892.9609375 -123696.5234375 -122831.4843750 -125344.9765625 -124014.6328125
-124085.6015625 -121742.1328125 -122961.1640625 -123803.3437500 -121186.6640625 -122407.9765625 -122090.1328125 -121825.2968750 -121914.0078125 -123453.5546875 -123729.5234375 -122209.6171875 -121275.6484375 -123802.3203125 -122563.6250000
-125273.5000000 -123218.0390625 -124176.8203125 -124827.6484375 -122660.7812500 -123556.8593750 -123467.3906250 -123028.5937500 -123263.2343750 -124578.8515625 -124745.1562500 -123542.0078125 -122598.7500000 -124865.8125000 -123920.4140625
-125082.8203125 -122522.9531250 -123732.9296875 -124214.7812500 -121971.1406250 -123068.3593750 -122749.0312500 -122401.8281250 -122704.6953125 -124129.7265625 -124075.6093750 -122852.1015625 -121813.4609375 -124435.9453125 -123401.7734375
-125282.6718750 -123109.8984375 -124187.8593750 -125098.0859375 -122711.2031250 -123791.8125000 -123554.7890625 -123314.5156250 -123222.8671875 -124699.7109375 -124588.7187500 -123494.6796875 -122454.1953125 -124909.4531250 -123943.2890625
-125261.1640625 -123550.3281250 -124362.7890625 -125149.6171875 -123088.7343750 -123839.9765625 -123774.1171875 -123274.1328125 -123521.6171875 -124565.5156250 -125084.9921875 -123946.5000000 -123040.1953125 -125208.6484375 -124143.8203125
-125270.7734375 -123043.8515625 -124024.1250000 -124571.4218750 -122534.1562500 -123381.2187500 -123015.5000000 -122710.0703125 -123056.3437500 -124494.1406250 -124695.8906250 -123313.3437500 -122276.6171875 -124759.7812500 -123475.7187500
-125223.1953125 -122972.7265625 -123905.7578125 -124484.1484375 -inf nan -123279.0468750 nan -122767.5078125 -124343.1093750 -inf -123169.9765625 -inf -124408.9921875 -123362.4140625
-124368.2421875 -121909.1718750 -122927.4140625 -123651.6250000 -121251.6718750 -122520.8203125 -122087.7421875 -121767.8046875 -122149.8593750 -123641.2421875 -123484.5390625 -122225.8828125 -121112.2656250 -123683.9765625 -122664.9062500
-124710.6562500 -123024.5546875 -123739.6093750 -124459.7968750 -122346.0078125 -123253.1406250 -122995.3671875 -122756.6562500 -123027.5390625 -124472.8437500 -124211.8515625 -123187.7968750 -122276.8984375 -124379.6171875 -123528.6562500
-125378.8203125 -123310.3203125 -124438.9843750 -125120.1718750 -122893.4062500 -123950.3671875 -123321.4062500 -123205.6250000 -123467.2656250 -124763.3203125 -124793.5625000 -123584.4453125 -122724.5703125 -125235.3359375 -123878.7734375
-124938.8984375 -122784.3906250 -123776.6718750 -124623.8125000 -122389.4218750 -123364.8281250 -122950.7187500 -122850.5546875 -122901.9687500 -124542.6171875 -124563.0625000 -123144.0703125 -122216.0000000 -124485.1093750 -123523.4531250
-125207.1093750 -123257.8359375 -124347.5703125 -124979.4765625 -inf nan -123659.6406250 nan -123629.7421875 -124941.2421875 -inf -123594.1171875 -inf -125063.1406250 -124034.7656250
-124418.2578125 -122554.6796875 -123331.7187500 -124294.2890625 -121889.4687500 -122873.4453125 -122564.7968750 -122298.9062500 -122460.2187500 -123859.3828125 -124139.2500000 -122669.6250000 -121725.4843750 -124243.1562500 -123125.8515625
-125546.3281250 -123322.7656250 -123808.8750000 -124695.4218750 -122922.6171875 -123577.6171875 -123504.4453125 -123399.7343750 -123444.8203125 -124822.6406250 -124647.5781250 -123521.8281250 -122732.7031250 -125016.8671875 -123949.7500000
-124727.7031250 -122575.0000000 -123406.3281250 -124006.4062500 -121947.3593750 -122724.7656250 -122611.2656250 -122177.4140625 -122333.8125000 -124043.6718750 -124061.7031250 -122900.9687500 -121921.1875000 -124393.9531250 -123067.6953125
-124771.5703125 -122298.4531250 -123877.4765625 -124095.8281250 -121887.5859375 -122983.2734375 -122615.7734375 -122567.3125000 -122537.8828125 -123901.5546875 -124054.6875000 -122810.6406250 -121869.3828125 -124298.9765625 -123048.9218750
-124887.9765625 -122918.9687500 -123938.4140625 -124577.8046875 -122341.6875000 -123496.5703125 -122993.0312500 -122765.5703125 -122834.1718750 -124245.9375000 -124292.7812500 -122961.5781250 -122437.8203125 -124649.3203125 -123368.0625000
-124609.6484375 -122067.4375000 -123224.9921875 -123926.5000000 -inf nan -122270.0859375 nan -122325.9687500 -123998.5390625 -inf -122631.1171875 -inf -123990.3671875 -122706.6171875
-124895.2890625 -122664.2968750 -123683.9921875 -124426.3281250 -122208.8906250 -123076.8046875 -122874.7578125 -122687.7265625 -122736.0312500 -124219.7656250 -124248.7656250 -123008.7656250 -121982.5937500 -124570.6875000 -123403.5156250
-125603.3437500 -123333.9687500 -124293.4687500 -124842.3125000 -122946.8437500 -123964.8125000 -123453.5546875 -123248.0390625 -123520.2109375 -124860.7656250 -124840.7968750 -123454.4296875 -122643.9843750 -124955.3828125 -123886.7421875
