-101663.6562500 -101860.3359375 -103972.8281250 -103378.0312500 -100975.9531250
-102642.5546875 -102940.0625000 -104961.6171875 -104318.9609375 -102074.6953125
-inf -inf -102835.1640625 -inf -inf
-102377.6796875 -102640.2421875 -104590.4140625 -104115.4765625 -101820.0625000
-100806.0156250 -101067.5546875 -103423.9218750 -102982.2031250 -100025.9921875
-102908.6953125 -103109.6562500 -104972.4453125 -104754.3984375 -102366.2656250
-inf -inf -102839.2500000 -inf -inf
-inf -inf -102838.0781250 -inf -inf
-inf -inf -103840.7890625 -inf -inf
-101628.3359375 -101856.0390625 -104155.2734375 -103398.3046875 -100924.0625000
-103394.5703125 -103443.1875000 -105476.0625000 -104915.5546875 -102874.6640625
-100993.5078125 -101113.7031250 -103517.6171875 -102603.1640625 -100211.5078125
-101031.4453125 -101371.0781250 -103530.5859375 -103026.6328125 -100398.2812500
-101465.3906250 -101700.6484375 -104051.8828125 -103242.8750000 -100812.6953125
-100982.9140625 -101195.0546875 -103308.3515625 -102845.0937500 -100240.3828125
-101765.6718750 -101992.1718750 -104006.0000000 -103552.9218750 -101130.1015625
-101075.5390625 -101378.8437500 -103500.3203125 -102900.0625000 -100503.3203125
-101303.5234375 -101414.2734375 -103602.4921875 -103337.0234375 -100618.7578125
-inf -inf -103542.9218750 -inf -inf
-100815.6093750 -101049.3515625 -103378.9296875 -102908.7421875 -100036.3671875
-inf -inf -103141.8671875 -inf -inf
-100575.3515625 -100720.6640625 -103113.1562500 -102607.8359375 -99800.5390625
-100230.7500000 -100445.1484375 -102870.5625000 -102303.2734375 -99468.2656250
-116522.4218750 -116645.0937500 -117926.4843750 -117739.5546875 -115900.2031250
-100654.8125000 -100914.1953125 -103286.6328125 -102698.2500000 -99853.8203125
-101222.1640625 -101444.8984375 -103832.0000000 -102981.4921875 -100370.6718750
-100446.5937500 -100684.8750000 -103297.8046875 -102438.8593750 -99616.8359375
-100659.0078125 -100929.9687500 -103264.4296875 -102804.8828125 -99897.8593750
-inf -inf -103660.8593750 -inf -inf
-inf -inf -104407.4843750 -inf -inf
-100587.3984375 -100862.0703125 -103268.9609375 -102562.3906250 -99746.4765625
-inf -inf -102978.2265625 -inf -inf
-101978.5390625 -102093.0000000 -104379.6796875 -103875.0625000 -101389.0078125
-100822.7656250 -101093.8125000 -103446.2578125 -102825.2968750 -100141.6796875
-100930.8125000 -101139.2109375 -103613.8125000 -102828.5390625 -100156.4609375
-100687.3046875 -100952.6562500 -103288.8828125 -102748.4765625 -99998.1796875
-101725.8203125 -101940.7031250 -103991.5859375 -103448.5390625 -101037.5234375
-101135.1484375 -101290.5937500 -103732.4375000 -102989.2421875 -100377.8750000
-102173.6328125 -102343.3984375 -104268.8125000 -103932.4375000 -101499.9062500
-100520.0703125 -100687.9687500 -103259.0859375 -102602.6406250 -99694.6015625
-100255.1875000 -100527.0000000 -102987.0390625 -102311.3203125 -99373.1640625
-101168.3359375 -101326.8593750 -103662.9062500 -103092.6015625 -100431.6875000
-100402.1015625 -100568.2890625 -103054.4531250 -102625.7656250 -99561.8984375
-101901.8750000 -102180.6015625 -104312.8750000 -103725.4921875 -101239.0390625
-100804.4140625 -100937.3671875 -103472.1640625 -102807.5468750 -100022.9062500
-101173.8437500 -101429.5546875 -103666.1953125 -103294.8437500 -100484.1562500
-101441.3984375 -101717.2578125 -103838.6406250 -103390.3515625 -100821.4453125
-101655.0859375 -101972.8515625 -103962.0625000 -103530.5703125 -100957.7187500
-101547.2500000 -101747.8515625 -104067.7968750 -103434.0234375 -100886.3125000
-101521.7812500 -101821.8906250 -103911.7031250 -103483.5546875 -100985.7031250
-100316.2812500 -100603.9296875 -103415.3359375 -102409.9453125 -99526.3515625
-101659.9609375 -101867.2343750 -104151.5156250 -103489.7343750 -101003.8046875
-100218.8671875 -100274.4765625 -103039.6484375 -102334.4843750 -99399.8359375
-inf -inf -104004.9531250 -inf -inf
-100786.4687500 -101249.1796875 -103690.3828125 -102859.1640625 -100188.1875000
-99970.0078125 -100178.8281250 -102852.7656250 -102207.6953125 -99322.1640625
-100913.4843750 -100982.2656250 -103299.5390625 -102835.9765625 -100179.8125000
-100459.8906250 -100648.6328125 -103158.7343750 -102634.8828125 -99704.9453125
-101068.4140625 -101280.5000000 -103522.1562500 -103096.6718750 -100253.5156250
-100779.2734375 -100889.7734375 -103083.1953125 -102793.4531250 -100062.7187500
-101432.0390625 -101743.9531250 -103765.6640625 -103116.3828125 -100730.1640625
-inf -inf -104046.1250000 -inf -inf
-100561.4140625 -100817.3437500 -103076.9375000 -102543.5156250 -99925.8203125
-102554.3046875 -102731.6953125 -104680.4218750 -104261.3750000 -101890.5000000
-102150.1250000 -102324.5546875 -104349.8750000 -104113.7187500 -101499.8671875
-102176.1953125 -102330.8906250 -104595.7343750 -104032.4843750 -101610.2031250
-101786.4609375 -101884.5000000 -104119.0781250 -103494.1015625 -101046.4375000
-100556.6093750 -100886.0156250 -103180.8437500 -102817.8750000 -99867.7421875
-inf -inf -103631.5000000 -inf -inf
-102194.3984375 -102429.8125000 -104516.3203125 -103982.3906250 -101589.0390625
-101619.0234375 -101788.5781250 -103998.6953125 -103348.8515625 -100902.8046875
-103096.8984375 -103279.9375000 -105185.3906250 -104497.6718750 -102486.5390625
-inf -inf -105121.4531250 -inf -inf
-101773.9609375 -102078.2031250 -103860.7343750 -103717.0312500 -101111.7812500
-100908.8125000 -101236.0468750 -103565.9921875 -102961.6093750 -100324.5390625
-102014.1562500 -102213.7187500 -104426.8906250 -103859.0859375 -101351.0468750
-inf -inf -104143.5312500 -inf -inf
-101301.9218750 -101425.2656250 -103810.5937500 -103113.0937500 -100506.4453125
-101799.7265625 -101941.5625000 -104157.1015625 -103463.2265625 -101168.0546875
-102228.5234375 -102325.3046875 -104468.0156250 -104052.7031250 -101442.0703125
-101692.1718750 -101806.4921875 -104093.3984375 -103585.5937500 -101000.7578125
-101981.1015625 -102177.0937500 -104141.6718750 -103891.1171875 -101302.3046875
-101318.8593750 -101385.9609375 -103817.6562500 -103273.5546875 -100621.5468750
-101886.8671875 -102119.8593750 -104185.5390625 -103647.7265625 -101303.0546875
-100643.3750000 -101021.5781250 -103484.0781250 -102746.5468750 -100004.8828125
-101426.5390625 -101671.1171875 -103964.0468750 -103178.3125000 -100778.0078125
-101926.7890625 -102233.6250000 -104462.5546875 -103828.6328125 -101266.4375000
-inf -inf -103907.2031250 -inf -inf
-inf -inf -103679.6484375 -inf -inf
-102429.5937500 -102411.5390625 -104654.0546875 -104076.1640625 -101669.6640625
-101466.7265625 -101691.2578125 -104130.2265625 -103282.7890625 -100857.4531250
-101746.7031250 -101905.2968750 -104066.8593750 -103644.6015625 -101072.4843750
-102283.1015625 -102565.6484375 -104560.2265625 -104013.6328125 -101688.7968750
-inf -inf -103507.2734375 -inf -inf
-102010.1562500 -102240.1406250 -104423.5781250 -103810.1562500 -101480.8359375
-inf -inf -104452.7968750 -inf -inf
-100981.6875000 -101286.1562500 -103488.4062500 -103164.6953125 -100424.0546875
-100666.4921875 -100711.4921875 -103298.2500000 -102531.5937500 -99749.2890625
-inf -inf -104430.0390625 -inf -inf
-101520.2265625 -101688.7343750 -103983.4218750 -103418.5234375 -100815.9296875
-inf -inf -103956.9453125 -inf -inf
-101897.6875000 -102173.4453125 -104078.4140625 -103661.8359375 -101303.2812500
-101401.9296875 -101537.1953125 -103880.1875000 -103099.7812500 -100774.8593750
-inf -inf -104532.4140625 -inf -inf
-101769.8359375 -102043.8515625 -104235.5859375 -103651.0703125 -101091.7500000
-102637.2734375 -102822.0234375 -104839.8750000 -104349.7343750 -101916.0000000
-101783.5625000 -102129.5546875 -104195.3359375 -103648.1875000 -101295.0156250
-102754.5000000 -102998.8359375 -104907.7109375 -104310.6484375 -102152.7421875
-101371.1250000 -101401.8828125 -103670.0156250 -103098.6015625 -100671.0156250
-101044.9375000 -101248.5078125 -103462.5078125 -102696.8750000 -100335.1171875
-101188.1562500 -101481.3671875 -103624.6875000 -103103.5781250 -100553.4765625
-100756.5468750 -100939.0468750 -103606.2656250 -102899.8125000 -99917.7578125
-101785.8125000 -102116.0546875 -104031.2890625 -103705.8750000 -101264.1328125
-100754.5000000 -101138.0859375 -103600.0546875 -102833.8046875 -100078.2421875
-100971.3046875 -101159.7578125 -103449.4375000 -102965.2656250 -100181.3750000
-101631.5000000 -101897.6484375 -104268.3046875 -103374.2656250 -100998.0078125
-102544.8750000 -102732.3593750 -104706.2343750 -104259.0390625 -101966.9531250
-inf -inf -103433.4609375 -inf -inf
-101773.4062500 -102015.1562500 -104110.6484375 -103397.5859375 -101017.3281250
-100554.0859375 -100783.9687500 -103301.7265625 -102644.4843750 -99791.5937500
-100976.5781250 -101362.4921875 -103665.6015625 -103056.3906250 -100348.7500000
-101211.3515625 -101336.1093750 -103683.2421875 -103215.1406250 -100495.8437500
-100272.9140625 -100466.9062500 -102918.5000000 -102226.3437500 -99458.1718750
-inf -inf -103845.2109375 -inf -inf
-100832.5703125 -101083.9921875 -103505.2734375 -102770.4687500 -100050.6406250
-100293.3437500 -100493.5546875 -102887.8203125 -102365.5781250 -99620.8125000
-101626.9296875 -101894.2578125 -104028.3984375 -103588.9765625 -100981.4218750
-101871.5703125 -102170.0156250 -104340.3671875 -103754.5000000 -101183.6250000
-99833.9375000 -100055.5859375 -102489.6640625 -102080.0859375 -99141.1562500
-101102.2031250 -101333.1171875 -103285.4453125 -103026.2968750 -100469.2656250
-100826.5703125 -101226.8359375 -103448.1562500 -102958.6953125 -100143.5078125
-100629.7187500 -100855.7812500 -103294.5000000 -102763.8828125 -99938.1171875
-101212.2500000 -101627.2500000 -103780.6328125 -103167.2265625 -100542.1718750
-101230.7968750 -101482.8750000 -103562.6875000 -103172.7578125 -100552.0000000
-102054.1015625 -102072.7187500 -104264.6328125 -103706.9765625 -101372.0703125
-inf -inf -104759.1328125 -inf -inf
-102364.8984375 -102570.2890625 -104751.5390625 -104136.6406250 -101801.5625000
-100947.7812500 -101196.9375000 -103515.5546875 -103120.4531250 -100300.2187500
-101880.7890625 -101889.5859375 -104235.5546875 -103258.9218750 -100998.2500000
-101372.8515625 -101619.9296875 -103723.2968750 -103373.0546875 -100629.5781250
-101798.6718750 -102093.3281250 -104040.1562500 -103652.0937500 -101129.2265625
-102438.4218750 -102633.4062500 -104649.2578125 -104117.7031250 -101743.6250000
-102052.8359375 -102118.4843750 -104320.4531250 -103740.0156250 -101354.4687500
-102033.8125000 -102182.8359375 -104301.9609375 -103904.1640625 -101325.0781250
-100224.6015625 -100470.7109375 -102899.8359375 -102282.5312500 -99447.1875000
-102277.8046875 -102425.7187500 -104632.1718750 -104044.0937500 -101683.2343750
-102249.3515625 -102482.9375000 -104621.1328125 -104191.4062500 -101590.1875000
-101520.9296875 -101697.9687500 -103910.2812500 -103452.2031250 -100860.6796875
-inf -inf -104469.1250000 -inf -inf
-inf -inf -103655.8671875 -inf -inf
-101860.4765625 -102106.8593750 -103996.0312500 -103554.5156250 -101291.5390625
-101066.0156250 -101297.4296875 -103615.3828125 -102761.5859375 -100442.7578125
-101872.8593750 -102176.6875000 -104479.1406250 -103791.7421875 -101200.0781250
-101894.2812500 -102153.9296875 -104416.2187500 -103748.3437500 -101266.3984375
-100905.4140625 -101149.7968750 -103502.5625000 -102593.8359375 -100139.8828125
-101240.1015625 -101406.4296875 -103508.5000000 -103098.7187500 -100564.2656250
-102305.0937500 -102510.0625000 -104615.4140625 -103891.9531250 -101549.7187500
