-101527.0625000 -101700.7812500 -103916.3671875 -103175.1328125 -100805.4843750
-102578.9687500 -102776.0234375 -104924.5078125 -104094.1328125 -101907.5390625
-100175.4531250 -inf -inf -inf -inf
-102153.7500000 -102363.4218750 -104383.0468750 -103838.9531250 -101563.1093750
-100723.3984375 -100941.4687500 -103465.5546875 -102736.6953125 -99860.1406250
-102801.8671875 -102926.6406250 -104886.6015625 -104484.4375000 -102112.9296875
-100012.1015625 -100134.5625000 -102687.0859375 -102160.9609375 -99255.5312500
-100090.7734375 -100248.4218750 -102742.9843750 -102063.7343750 -99376.0625000
-101238.6875000 -101438.7265625 -103783.2031250 -103200.3906250 -100563.7578125
-101612.0234375 -101832.3671875 -104150.7578125 -103335.4296875 -100885.3906250
-103305.4218750 -103362.3437500 -105368.0156250 -104764.0781250 -102716.1953125
-100920.5390625 -101034.7734375 -103446.2500000 -102542.8046875 -100121.6875000
-101007.7812500 -101254.6171875 -103547.8671875 -102911.3046875 -100328.3750000
-101500.1328125 -101700.0156250 -104080.5703125 -103269.9609375 -100842.2265625
-100848.2968750 -100983.3281250 -103121.0000000 -102620.6875000 -100023.4062500
-101730.6015625 -101962.1875000 -104070.3906250 -103497.1171875 -101079.1796875
-101039.3125000 -101200.1328125 -103418.4687500 -102741.1328125 -100372.4218750
-101234.3906250 -101288.9218750 -103569.7343750 -103140.2734375 -100499.0234375
-100668.9453125 -100787.8671875 -103275.1171875 -102635.9765625 -99941.7734375
-100859.0781250 -101032.5781250 -103392.3515625 -102769.8046875 -99970.9062500
-100162.7890625 -100370.5000000 -103004.1171875 -102182.7031250 -99255.8437500
-100498.4453125 -100625.6406250 -102987.6250000 -102426.6093750 -99645.6875000
-100076.3984375 -100258.1406250 -102778.5390625 -102082.8750000 -99253.9453125
-116509.4843750 -116618.4062500 -117887.4531250 -117716.2890625 -115878.9296875
-100668.4531250 -100850.3359375 -103261.2421875 -102511.9765625 -99780.0390625
-101152.8828125 -101298.6796875 -103784.5078125 -102825.3281250 -100305.3906250
-100228.9296875 -100418.8828125 -102959.5078125 -102080.1875000 -99348.7187500
-100508.8671875 -100786.1015625 -103191.5234375 -102560.3984375 -99704.6875000
-100788.2890625 -inf -inf -inf -inf
-101590.7187500 -101739.9062500 -104063.1640625 -103446.2343750 -100919.3203125
-100508.8046875 -100721.0156250 -103140.0312500 -102224.3593750 -99581.5859375
-99924.5781250 -100056.7734375 -102701.6562500 -101943.6406250 -99117.3515625
-101928.6953125 -101930.4765625 -104283.3750000 -103636.1406250 -101184.3125000
-100640.0625000 -100822.7812500 -103284.2500000 -102534.6171875 -99865.8281250
-100903.1484375 -100969.7890625 -103611.0468750 -102678.2500000 -100049.5781250
-100643.0937500 -100788.3750000 -103334.0468750 -102507.3750000 -99862.7500000
-101650.9843750 -101801.5781250 -104094.7890625 -103289.6640625 -100957.3750000
-100990.0078125 -101069.7968750 -103590.7734375 -102847.7031250 -100180.8984375
-102052.5156250 -102180.8984375 -104282.7812500 -103747.0937500 -101376.2500000
-100291.7031250 -100439.7500000 -103059.6406250 -102401.6796875 -99507.1640625
-100328.9843750 -inf -inf -inf -inf
-100930.6250000 -100999.5703125 -103459.4375000 -102764.8984375 -100123.8359375
-100373.8906250 -100480.4453125 -103053.2500000 -102435.4609375 -99456.6406250
-101950.7031250 -inf -inf -inf -inf
-100659.7968750 -inf -inf -inf -inf
-101103.0937500 -101273.4765625 -103560.9375000 -102974.7890625 -100320.2265625
-101363.6406250 -101515.2265625 -103794.9218750 -103232.6796875 -100704.7343750
-101436.1875000 -101736.8750000 -103840.6796875 -103240.1562500 -100744.6093750
-101355.1406250 -101518.2031250 -103931.8984375 -103240.8671875 -100719.5703125
-101553.3359375 -inf -inf -inf -inf
-100282.0546875 -100509.4843750 -103330.6562500 -102227.7890625 -99443.7578125
-101596.6640625 -101746.9296875 -104081.0312500 -103353.1718750 -100866.3437500
-100285.1796875 -inf -inf -inf -inf
-101532.4531250 -inf -inf -inf -inf
-100650.0937500 -101029.2578125 -103476.9531250 -102689.2265625 -99983.3593750
-99915.8437500 -100113.0078125 -102831.0078125 -102107.0156250 -99185.8203125
-100603.2109375 -100714.9687500 -103123.9609375 -102541.7187500 -99897.4609375
-100446.8593750 -100552.7421875 -103220.5000000 -102569.8203125 -99665.7812500
-101007.4687500 -101165.2968750 -103489.0937500 -102858.2109375 -100162.6250000
-100793.7187500 -100859.6015625 -103161.5234375 -102717.1015625 -100029.7968750
-101291.9453125 -101504.9062500 -103664.6328125 -102876.6093750 -100534.6250000
-101250.7265625 -101415.9765625 -104035.1406250 -103065.5234375 -100437.5000000
-100557.8046875 -100726.6250000 -103111.6328125 -102517.4687500 -99871.5000000
-102449.4687500 -102557.1171875 -104591.7343750 -104085.9375000 -101766.5000000
-101923.9453125 -102071.0000000 -104239.0468750 -103850.7812500 -101281.5234375
-102127.0781250 -102206.0546875 -104547.6484375 -103914.3281250 -101481.2968750
-101783.1562500 -101845.4843750 -104067.4062500 -103382.9765625 -100963.8359375
-100571.7421875 -100747.0312500 -103245.6250000 -102605.7109375 -99779.3437500
-100843.1562500 -101027.8203125 -103373.7265625 -102542.8281250 -100095.1484375
-102180.2421875 -102333.7265625 -104408.6953125 -103900.7421875 -101570.0781250
-101513.8203125 -101603.3984375 -103908.8906250 -103078.2343750 -100716.7421875
-102957.3203125 -103129.1640625 -105070.3906250 -104324.3828125 -102291.0156250
-102613.8046875 -102804.7343750 -104999.8359375 -104414.3437500 -102082.6015625
-101685.6015625 -101927.2500000 -103837.0312500 -103596.3750000 -100991.0234375
-100883.8359375 -101149.0937500 -103483.4921875 -102910.5859375 -100227.6484375
-102053.2031250 -102183.5703125 -104406.6718750 -103756.7187500 -101282.8828125
-101759.2421875 -102041.3750000 -103940.8281250 -103655.9765625 -101127.7812500
-101214.0234375 -101277.4687500 -103690.9062500 -102980.0078125 -100392.6562500
-101790.5000000 -101858.1484375 -104047.9843750 -103352.9062500 -101060.1093750
-102191.2343750 -102247.7812500 -104480.7656250 -103937.2343750 -101378.2500000
-101573.9296875 -101685.6171875 -103875.6328125 -103458.6875000 -100881.6562500
-101919.8906250 -102049.6640625 -104071.7109375 -103757.7187500 -101196.2500000
-101479.2031250 -inf -inf -inf -inf
-101650.6328125 -101722.4687500 -104043.2812500 -103296.5000000 -100987.1015625
-100581.2031250 -100881.0312500 -103483.3593750 -102675.6250000 -99930.8203125
-101377.4531250 -101544.8515625 -103959.3515625 -103029.2812500 -100684.5156250
-101920.8515625 -102176.6093750 -104488.2109375 -103699.2421875 -101171.9218750
-101217.6093750 -101469.8046875 -103798.5234375 -103133.1562500 -100480.2500000
-101043.9062500 -101224.5546875 -103505.2656250 -102893.9531250 -100286.5937500
-102325.8281250 -102292.6953125 -104565.5078125 -103887.6093750 -101492.0312500
-101471.0625000 -101682.6406250 -104168.5546875 -103269.1562500 -100831.0546875
-101703.0703125 -101801.4531250 -104132.1796875 -103482.2578125 -100942.8593750
-102190.2343750 -102418.1328125 -104537.4375000 -103894.8515625 -101522.1406250
-101176.8359375 -inf -inf -inf -inf
-101951.4765625 -102190.9140625 -104477.8593750 -103738.8671875 -101379.7421875
-101856.9765625 -102060.1093750 -104225.5468750 -103473.0234375 -101074.2343750
-101088.0312500 -101257.8046875 -103633.5234375 -103118.2265625 -100427.8593750
-100558.6093750 -100602.1796875 -103133.7656250 -102427.5312500 -99656.7343750
-102003.7109375 -102256.1562500 -104376.8125000 -103911.7578125 -101318.6250000
-101559.5703125 -inf -inf -inf -inf
-101310.1953125 -101452.7578125 -103779.9375000 -103072.1562500 -100553.0312500
-101801.6640625 -102052.8203125 -103997.5468750 -103534.2031250 -101165.0156250
-101326.5078125 -101408.8125000 -103819.3125000 -102977.6875000 -100642.9531250
-102077.7343750 -102236.4609375 -104481.9453125 -103626.7187500 -101287.7578125
-101678.1250000 -101846.8906250 -104147.6796875 -103581.3203125 -100909.5546875
-102705.7109375 -102881.6171875 -104950.7265625 -104341.1953125 -101931.8515625
-101714.9921875 -101980.0859375 -104088.0781250 -103389.4531250 -101147.0781250
-102640.3281250 -102850.6484375 -104821.3515625 -104158.3828125 -102010.2187500
-101454.1171875 -101482.9375000 -103772.6953125 -103170.3828125 -100690.6640625
-101038.6250000 -101156.4218750 -103399.8750000 -102500.8515625 -100219.8125000
-101161.1953125 -101381.1796875 -103594.6640625 -103017.0937500 -100436.7734375
-100684.5156250 -100851.7109375 -103468.2187500 -102727.4062500 -99778.1953125
-101696.1796875 -101987.0937500 -103924.2109375 -103590.3046875 -101151.2812500
-100860.4062500 -101065.5390625 -103563.9687500 -102707.0312500 -100008.7109375
-100779.2031250 -100946.1562500 -103326.4843750 -102678.0937500 -99960.8750000
-101751.2109375 -101982.9062500 -104422.3125000 -103323.0859375 -100991.1484375
-102581.1406250 -102686.7968750 -104752.7265625 -104242.1484375 -101906.3906250
-100639.7890625 -inf -inf -inf -inf
-101800.1328125 -101947.5000000 -104156.2421875 -103327.1250000 -100970.7734375
-100451.1015625 -100564.3671875 -103205.4765625 -102410.4218750 -99576.7109375
-100767.3437500 -101029.6484375 -103351.7187500 -102757.9218750 -100042.2187500
-101199.4453125 -101269.1093750 -103683.3671875 -103079.4062500 -100434.0546875
-100308.9296875 -100443.0937500 -103023.6484375 -102216.8828125 -99501.6718750
-101051.1718750 -101140.4140625 -103632.7187500 -102725.3125000 -100268.5156250
-100750.4843750 -100973.5468750 -103408.9296875 -102760.2656250 -99953.6093750
-100354.1484375 -100492.0312500 -102849.8750000 -102253.7109375 -99626.9609375
-101669.5078125 -101802.0703125 -103977.7187500 -103472.0703125 -100921.3203125
-101723.7890625 -102012.2734375 -104238.6015625 -103582.4296875 -101055.9218750
-99774.0859375 -99922.5000000 -102448.0703125 -101782.2578125 -98976.8046875
-101144.8593750 -101343.7812500 -103340.1562500 -102957.1171875 -100424.6406250
-100701.2265625 -100973.8125000 -103327.8984375 -102746.2812500 -99939.8671875
-100528.3203125 -100704.7187500 -103311.4453125 -102513.6718750 -99788.6640625
-101124.2031250 -101466.6562500 -103735.7656250 -103018.9531250 -100416.1875000
-101169.0156250 -101348.6640625 -103513.7343750 -103044.8437500 -100425.3984375
-101984.8671875 -102022.7031250 -104239.5703125 -103678.9062500 -101280.3281250
-102448.1015625 -102495.4843750 -104597.8046875 -104163.2421875 -101687.0390625
-102360.7578125 -102535.8046875 -104854.5781250 -104200.1796875 -101792.9687500
-100766.2500000 -101004.0000000 -103312.7890625 -102990.8828125 -100119.1328125
-101783.7500000 -101747.1718750 -104156.8359375 -103177.9140625 -100903.9062500
-101246.2109375 -101428.9296875 -103671.2734375 -103242.9296875 -100445.4453125
-101679.2265625 -101892.6718750 -103990.6796875 -103454.4921875 -100942.2187500
-102422.7812500 -102572.2578125 -104641.1640625 -103955.2812500 -101613.2187500
-102041.7343750 -102126.7734375 -104328.6953125 -103631.4687500 -101325.9453125
-101946.3437500 -102019.8125000 -104204.5937500 -103765.7734375 -101185.5078125
-100141.1250000 -inf -inf -inf -inf
-102211.8281250 -102301.1484375 -104611.7890625 -103930.5312500 -101520.9609375
-102173.0703125 -102388.9609375 -104680.6328125 -104025.0078125 -101484.6562500
-101323.3125000 -101473.7890625 -103693.7187500 -103155.9296875 -100606.6718750
-101888.9921875 -102039.1484375 -104349.1875000 -103617.3906250 -101274.5000000
-100922.8437500 -101000.1484375 -103391.8906250 -102759.4765625 -100103.3125000
-101789.5937500 -102035.5937500 -103957.7187500 -103456.0468750 -101243.2578125
-100937.4609375 -101140.7031250 -103626.9453125 -102554.8359375 -100276.4140625
-101821.9687500 -inf -inf -inf -inf
-101748.3750000 -101974.7578125 -104339.4687500 -103590.3359375 -101059.7812500
-100699.7187500 -100897.5937500 -103316.0937500 -102307.4765625 -99889.9375000
-101072.2500000 -101175.4062500 -103413.9375000 -102806.6718750 -100361.9140625
-102177.7500000 -102327.1640625 -104445.5390625 -103738.7578125 -101379.1328125
