Sample	FastQC_mqc-generalstats-fastqc-percent_duplicates	FastQC_mqc-generalstats-fastqc-percent_gc	FastQC_mqc-generalstats-fastqc-avg_sequence_length	FastQC_mqc-generalstats-fastqc-percent_fails	FastQC_mqc-generalstats-fastqc-total_sequences
ABLG1928_trimmed_clipped_R1_paired	27.616312746362	46.0	123.00097001260731	18.181818181818183	6662800.0
ABLG1928_trimmed_clipped_R2_paired	26.587135047985157	46.0	110.254476796542	9.090909090909092	6662800.0
ABLG1929_trimmed_clipped_R1_paired	22.640429806418666	45.0	121.26327488367696	18.181818181818183	10229487.0
ABLG1929_trimmed_clipped_R2_paired	22.5683477594837	45.0	110.58305719534127	18.181818181818183	10229487.0
ABLG1937_trimmed_clipped_R1_paired	27.201812258385672	45.0	116.16610513004048	18.181818181818183	10901337.0
ABLG1937_trimmed_clipped_R2_paired	26.85318301229161	45.0	110.10964223929597	18.181818181818183	10901337.0
ABLG1938_trimmed_clipped_R1_paired	26.142695193844688	45.0	118.714428522126	18.181818181818183	12549331.0
ABLG1938_trimmed_clipped_R2_paired	26.041767887359498	45.0	111.35795453956868	18.181818181818183	12549331.0
ABLG1944_trimmed_clipped_R1_paired	22.74250825670987	48.0	121.792931498502	18.181818181818183	4824785.0
ABLG1944_trimmed_clipped_R2_paired	23.223466275643162	47.0	109.35757013006797	18.181818181818183	4824785.0
ABLG1945_trimmed_clipped_R1_paired	31.268065052971053	46.0	125.79541016756258	18.181818181818183	17998827.0
ABLG1945_trimmed_clipped_R2_paired	30.075821267137442	46.0	111.59797880161857	9.090909090909092	17998827.0
ABLG1956_trimmed_clipped_R1_paired	20.46230679537419	47.0	122.62644623616575	9.090909090909092	5862891.0
ABLG1956_trimmed_clipped_R2_paired	20.72659002530351	47.0	111.45360607932162	18.181818181818183	5862891.0
ABLG1981_trimmed_clipped_R1_paired	24.352556306542056	46.0	115.60193592693703	18.181818181818183	11750960.0
ABLG1981_trimmed_clipped_R2_paired	24.258548273602713	46.0	109.74918159878001	18.181818181818183	11750960.0
ABLG1988_trimmed_clipped_R1_paired	24.336939797755022	45.0	125.56461016930491	18.181818181818183	15985773.0
ABLG1988_trimmed_clipped_R2_paired	23.916949564919065	45.0	115.90236487156423	18.181818181818183	15985773.0
ABLG1997_trimmed_clipped_R1_paired	27.41859988232808	52.0	119.69597618804268	18.181818181818183	19479961.0
ABLG1997_trimmed_clipped_R2_paired	27.62810040330588	52.0	114.08306520736875	18.181818181818183	19479961.0
ABLG2005_trimmed_clipped_R1_paired	32.43679313389846	45.0	126.63477185791922	18.181818181818183	19769654.0
ABLG2005_trimmed_clipped_R2_paired	30.897451867634075	45.0	115.6363283849075	18.181818181818183	19769654.0
ABLG2013_trimmed_clipped_R1_paired	20.70564017721425	45.0	118.18152280441414	18.181818181818183	8127045.0
ABLG2013_trimmed_clipped_R2_paired	20.776134825955495	45.0	111.03119596360055	18.181818181818183	8127045.0
ABLG2018_trimmed_clipped_R1_paired	23.464248075230074	46.0	121.17766190517057	18.181818181818183	6082542.0
ABLG2018_trimmed_clipped_R2_paired	23.600228784563527	46.0	110.76032142482535	18.181818181818183	6082542.0
ABLG2023_trimmed_clipped_R1_paired	27.060748949110433	46.0	127.5677397830976	18.181818181818183	14549493.0
ABLG2023_trimmed_clipped_R2_paired	26.2053600289226	46.0	117.08343995216877	18.181818181818183	14549493.0
ABLG2032_trimmed_clipped_R1_paired	23.733469733261302	46.0	114.70697747055513	18.181818181818183	6697857.0
ABLG2032_trimmed_clipped_R2_paired	23.871069533434323	46.0	108.921020111358	18.181818181818183	6697857.0
ABLG2077_trimmed_clipped_R1_paired	24.35232903299749	46.0	116.76281929907778	18.181818181818183	13831977.0
ABLG2077_trimmed_clipped_R2_paired	24.270383631557905	46.0	109.21731195764713	18.181818181818183	13831977.0
ABLG2082_trimmed_clipped_R1_paired	24.465848407943596	47.0	117.42633060893144	18.181818181818183	7404561.0
ABLG2082_trimmed_clipped_R2_paired	24.505233774285458	47.0	107.34875031754078	18.181818181818183	7404561.0
ABLG2091_trimmed_clipped_R1_paired	25.688758716122052	46.0	116.7660982442416	18.181818181818183	22150428.0
ABLG2091_trimmed_clipped_R2_paired	25.9764044983081	46.0	106.32445007383153	18.181818181818183	22150428.0
ABLG2093_trimmed_clipped_R1_paired	21.758361284864918	46.0	119.32447469058378	18.181818181818183	13997893.0
ABLG2093_trimmed_clipped_R2_paired	22.940694669911153	46.0	108.58671908693687	9.090909090909092	13997893.0
ABLG2099_trimmed_clipped_R1_paired	21.89147722259345	46.0	113.95357409396709	18.181818181818183	14808844.0
ABLG2099_trimmed_clipped_R2_paired	22.276465336496543	46.0	105.96122742598949	18.181818181818183	14808844.0
ABLG2100_trimmed_clipped_R1_paired	24.745440108984184	46.0	117.25725369518352	18.181818181818183	23496059.0
ABLG2100_trimmed_clipped_R2_paired	25.187153883683493	46.0	109.6716054807319	18.181818181818183	23496059.0
ABLG2103_trimmed_clipped_R1_paired	21.300016645986958	46.0	120.00637868004561	18.181818181818183	14967987.0
ABLG2103_trimmed_clipped_R2_paired	22.025086964265498	46.0	109.62499666788861	9.090909090909092	14967987.0
ABLG2105_trimmed_clipped_R1_paired	24.105158755531335	46.0	110.38685288406688	18.181818181818183	18438234.0
ABLG2105_trimmed_clipped_R2_paired	24.73677011543097	46.0	103.1456491982909	18.181818181818183	18438234.0
ABLG2109_trimmed_clipped_R1_paired	24.064498084445162	46.0	114.14349222386858	18.181818181818183	22847029.0
ABLG2109_trimmed_clipped_R2_paired	24.89435278669032	46.0	107.96402578208308	18.181818181818183	22847029.0
ABLG2118_trimmed_clipped_R1_paired	23.44065726437212	46.0	115.3818897668459	18.181818181818183	20542894.0
ABLG2118_trimmed_clipped_R2_paired	23.98163316946389	46.0	109.05082896304678	18.181818181818183	20542894.0
ABLG2120_trimmed_clipped_R1_paired	22.825998820582058	46.0	114.35478962430052	18.181818181818183	15816418.0
ABLG2120_trimmed_clipped_R2_paired	23.30131886897776	46.0	105.83770250634498	18.181818181818183	15816418.0
ABLG2123_trimmed_clipped_R1_paired	21.09844457014478	46.0	122.56971998925623	18.181818181818183	12267565.0
ABLG2123_trimmed_clipped_R2_paired	22.25317325080337	46.0	108.68145585533885	9.090909090909092	12267565.0
ABLG2140_trimmed_clipped_R1_paired	27.314845452275605	46.0	116.05182444566533	18.181818181818183	15063644.0
ABLG2140_trimmed_clipped_R2_paired	26.97696824663143	46.0	104.68336838018742	18.181818181818183	15063644.0
ABLG2147_trimmed_clipped_R1_paired	32.76390783885776	47.0	113.40631264259268	18.181818181818183	18344647.0
ABLG2147_trimmed_clipped_R2_paired	32.39387770947944	47.0	100.6871861311913	18.181818181818183	18344647.0
ABLG2155_trimmed_clipped_R1_paired	31.42737861849963	47.0	111.28388185080216	18.181818181818183	12089223.0
ABLG2155_trimmed_clipped_R2_paired	31.337050726947496	47.0	104.3801088787923	18.181818181818183	12089223.0
ABLG2156_trimmed_clipped_R1_paired	25.236716839835026	46.0	110.40450858698541	18.181818181818183	19689273.0
ABLG2156_trimmed_clipped_R2_paired	26.251404999531815	46.0	99.80843330274307	18.181818181818183	19689273.0
ABLG2157_trimmed_clipped_R1_paired	27.81506393951433	46.0	111.7692876728705	18.181818181818183	17583031.0
ABLG2157_trimmed_clipped_R2_paired	28.170226094661743	46.0	106.75544153906115	18.181818181818183	17583031.0
ABLG2162_trimmed_clipped_R1_paired	22.881088836233687	46.0	119.70149955292344	18.181818181818183	15760164.0
ABLG2162_trimmed_clipped_R2_paired	22.954451514797142	46.0	110.84858609339345	18.181818181818183	15760164.0
ABLG2163_trimmed_clipped_R1_paired	23.583742083223783	46.0	120.05877472634397	18.181818181818183	11495179.0
ABLG2163_trimmed_clipped_R2_paired	24.005988676822952	46.0	113.32285151888456	18.181818181818183	11495179.0
ABLG2171_trimmed_clipped_R1_paired	24.011773367391356	45.0	121.66789955137423	18.181818181818183	10674153.0
ABLG2171_trimmed_clipped_R2_paired	24.73429593024997	45.0	116.32003298060278	18.181818181818183	10674153.0
ABLG2172_trimmed_clipped_R1_paired	21.092026859340834	46.0	116.74288429462082	18.181818181818183	16290444.0
ABLG2172_trimmed_clipped_R2_paired	21.388576148027994	45.0	110.83458363688553	18.181818181818183	16290444.0
ABLG2179_trimmed_clipped_R1_paired	29.06524938444268	46.0	126.17862411915716	18.181818181818183	18954999.0
ABLG2179_trimmed_clipped_R2_paired	28.06443781413978	46.0	113.8731992019625	9.090909090909092	18954999.0
ABLG2181_trimmed_clipped_R1_paired	28.350900222637932	46.0	128.07243287470664	18.181818181818183	9102828.0
ABLG2181_trimmed_clipped_R2_paired	27.275507225306384	45.0	117.75069110390749	18.181818181818183	9102828.0
ABLG2182_trimmed_clipped_R1_paired	24.68917180946974	46.0	128.18895479499827	18.181818181818183	5955779.0
ABLG2182_trimmed_clipped_R2_paired	23.773785217893888	45.0	120.14527033323432	18.181818181818183	5955779.0
ABLG2185_trimmed_clipped_R1_paired	22.59050877988078	46.0	115.83442600615739	18.181818181818183	20030241.0
ABLG2185_trimmed_clipped_R2_paired	23.027694443528105	46.0	109.59891985323591	18.181818181818183	20030241.0
ABLG2186_trimmed_clipped_R1_paired	20.883448228282404	46.0	129.44544079280402	18.181818181818183	5136200.0
ABLG2186_trimmed_clipped_R2_paired	20.243244732382408	46.0	116.09100366029361	9.090909090909092	5136200.0
ABLG2201_trimmed_clipped_R1_paired	28.54509898835221	45.0	131.84402443558275	18.181818181818183	18075280.0
ABLG2201_trimmed_clipped_R2_paired	26.932570699081296	45.0	119.04521014335602	0.0	18075280.0
ABLG2239_trimmed_clipped_R1_paired	21.487389821528097	46.0	121.04265049280039	18.181818181818183	19402988.0
ABLG2239_trimmed_clipped_R2_paired	22.158802595625716	46.0	110.91867041303124	18.181818181818183	19402988.0
ABLG2244_trimmed_clipped_R1_paired	24.688832329908678	46.0	114.89267951904306	18.181818181818183	13458419.0
ABLG2244_trimmed_clipped_R2_paired	24.669730590642473	45.0	110.04134036843406	18.181818181818183	13458419.0
ABLG2279_trimmed_clipped_R1_paired	17.766155754601016	46.0	126.74554527912518	18.181818181818183	7252194.0
ABLG2279_trimmed_clipped_R2_paired	18.861958385493978	46.0	112.85363587901813	9.090909090909092	7252194.0
ABLG2282_trimmed_clipped_R1_paired	21.913704926430867	46.0	118.31904294064631	18.181818181818183	18771166.0
ABLG2282_trimmed_clipped_R2_paired	22.555010759401796	46.0	110.01970298488651	18.181818181818183	18771166.0
ABLG2293_trimmed_clipped_R1_paired	23.667574801321862	47.0	123.75406638597487	18.181818181818183	4142622.0
ABLG2293_trimmed_clipped_R2_paired	23.898195516106455	47.0	111.68470524223547	18.181818181818183	4142622.0
ABLG2308_trimmed_clipped_R1_paired	32.20854472207955	46.0	124.5430724152099	18.181818181818183	9445709.0
ABLG2308_trimmed_clipped_R2_paired	31.80784883164928	46.0	114.98552750248817	27.27272727272727	9445709.0
ABLG2317_trimmed_clipped_R1_paired	23.296168251099132	46.0	122.44643062336293	18.181818181818183	6448619.0
ABLG2317_trimmed_clipped_R2_paired	22.99631638953194	46.0	113.02117150974496	18.181818181818183	6448619.0
ABLG2334_trimmed_clipped_R1_paired	27.63002971675624	46.0	114.84508546105265	18.181818181818183	17623291.0
ABLG2334_trimmed_clipped_R2_paired	27.83003056119354	46.0	104.98380137966285	18.181818181818183	17623291.0
ABLG2335_trimmed_clipped_R1_paired	27.809086511142027	47.0	115.48901171108498	18.181818181818183	13529404.0
ABLG2335_trimmed_clipped_R2_paired	28.741213405862112	47.0	102.19748600899197	18.181818181818183	13529404.0
ABLG2336_trimmed_clipped_R1_paired	24.04184221667994	46.0	114.67353247313916	18.181818181818183	14991344.0
ABLG2336_trimmed_clipped_R2_paired	24.573066419614392	46.0	105.14351221611618	18.181818181818183	14991344.0
ABLG2340_trimmed_clipped_R1_paired	22.437270280131713	46.0	115.27960913458577	18.181818181818183	8865558.0
ABLG2340_trimmed_clipped_R2_paired	22.888275006557805	46.0	106.53010820074721	18.181818181818183	8865558.0
ABLG2351_trimmed_clipped_R1_paired	24.933014182131956	46.0	118.52493027388938	18.181818181818183	15246082.0
ABLG2351_trimmed_clipped_R2_paired	25.7119275122339	46.0	106.70411132512602	18.181818181818183	15246082.0
ABLG2504_trimmed_clipped_R1_paired	23.865210726291593	46.0	112.31384663692066	18.181818181818183	4611488.0
ABLG2504_trimmed_clipped_R2_paired	24.091648470846806	46.0	110.72148274049505	18.181818181818183	4611488.0
ABLG2505_trimmed_clipped_R1_paired	23.784857828757637	46.0	121.50598564256917	18.181818181818183	11046266.0
ABLG2505_trimmed_clipped_R2_paired	23.31823760250728	46.0	113.38507347188634	18.181818181818183	11046266.0
ABLG2507_trimmed_clipped_R1_paired	22.84410228257549	45.0	120.56751385974009	18.181818181818183	12947934.0
ABLG2507_trimmed_clipped_R2_paired	22.55328410159197	45.0	114.896862464699	18.181818181818183	12947934.0
ABLG2510_trimmed_clipped_R1_paired	18.931350309814135	46.0	119.80218262781518	18.181818181818183	7929066.0
ABLG2510_trimmed_clipped_R2_paired	20.366827481454308	46.0	118.0006838132007	18.181818181818183	7929066.0
ABLG2514_trimmed_clipped_R1_paired	30.77020301166057	52.0	127.6124772010526	9.090909090909092	10513095.0
ABLG2514_trimmed_clipped_R2_paired	29.926366662080525	52.0	120.85025304156387	18.181818181818183	10513095.0
ABLG2517_trimmed_clipped_R1_paired	21.69752885364298	46.0	118.0264939610896	18.181818181818183	17350067.0
ABLG2517_trimmed_clipped_R2_paired	22.123913827917164	46.0	110.28274265453845	18.181818181818183	17350067.0
ABLG2518_trimmed_clipped_R1_paired	21.97154637199371	46.0	113.05685220466266	18.181818181818183	7207724.0
ABLG2518_trimmed_clipped_R2_paired	22.065817890469276	46.0	109.75318158686432	18.181818181818183	7207724.0
ABLG2563_trimmed_clipped_R1_paired	22.932856983053412	46.0	119.23904623117043	18.181818181818183	7065947.0
ABLG2563_trimmed_clipped_R2_paired	23.00792287459774	46.0	114.75507500976161	18.181818181818183	7065947.0
ABLG2576_trimmed_clipped_R1_paired	18.394907140290357	45.0	118.01593559322205	18.181818181818183	13822893.0
ABLG2576_trimmed_clipped_R2_paired	19.15372538860032	45.0	111.8897643930254	18.181818181818183	13822893.0
ABLG2608_trimmed_clipped_R1_paired	23.321439735952822	49.0	122.09900389403573	18.181818181818183	19927398.0
ABLG2608_trimmed_clipped_R2_paired	23.66116034012866	49.0	111.1561556104816	18.181818181818183	19927398.0
ABLG2609_trimmed_clipped_R1_paired	23.534765495745674	46.0	117.56091642977132	18.181818181818183	23952561.0
ABLG2609_trimmed_clipped_R2_paired	23.872526206294893	46.0	111.06525273017779	18.181818181818183	23952561.0
ABLG2611_trimmed_clipped_R1_paired	23.377876480232615	46.0	119.64483978676688	27.27272727272727	16175911.0
ABLG2611_trimmed_clipped_R2_paired	24.598009178734657	45.0	118.42262534703609	27.27272727272727	16175911.0
ABLG2612_trimmed_clipped_R1_paired	22.18603898309746	46.0	119.1173018420808	18.181818181818183	20041629.0
ABLG2612_trimmed_clipped_R2_paired	22.64519574878146	46.0	110.96757733615367	18.181818181818183	20041629.0
ABLG2620_trimmed_clipped_R1_paired	28.75167084187916	45.0	129.74657208255007	18.181818181818183	19468526.0
ABLG2620_trimmed_clipped_R2_paired	27.66894042632522	44.0	122.17025361858417	18.181818181818183	19468526.0
ABLG2622_trimmed_clipped_R1_paired	22.72576335134346	45.0	124.20527283080601	18.181818181818183	16224909.0
ABLG2622_trimmed_clipped_R2_paired	23.148544250157173	45.0	114.57076924129436	9.090909090909092	16224909.0
ABLG2625_trimmed_clipped_R1_paired	19.171069466531407	46.0	115.17011210985106	18.181818181818183	8665697.0
ABLG2625_trimmed_clipped_R2_paired	19.40200386240022	46.0	110.05486206129756	18.181818181818183	8665697.0
ABLG2920_trimmed_clipped_R1_paired	33.148838658102605	50.0	125.35058923757695	9.090909090909092	26717831.0
ABLG2920_trimmed_clipped_R2_paired	31.954630483575755	50.0	115.28110665120983	18.181818181818183	26717831.0
ABLG2923_trimmed_clipped_R1_paired	21.879530990469505	47.0	115.6580347146561	18.181818181818183	7317889.0
ABLG2923_trimmed_clipped_R2_paired	22.07911327393269	47.0	110.80774045629826	18.181818181818183	7317889.0
ABLG2924_trimmed_clipped_R1_paired	28.23193790353325	46.0	127.41360997469651	18.181818181818183	17745382.0
ABLG2924_trimmed_clipped_R2_paired	27.414710328034175	46.0	114.12659710565825	18.181818181818183	17745382.0
ABLG2926_trimmed_clipped_R1_paired	23.31204767304483	48.0	118.77544951685627	18.181818181818183	4948424.0
ABLG2926_trimmed_clipped_R2_paired	23.640211016955817	48.0	107.25060908281101	18.181818181818183	4948424.0
ABLG2928_trimmed_clipped_R1_paired	24.709676076615366	46.0	117.13880017014586	18.181818181818183	7692224.0
ABLG2928_trimmed_clipped_R2_paired	25.01424225547359	46.0	110.56829260302352	18.181818181818183	7692224.0
ABLG2929_trimmed_clipped_R1_paired	28.67355957958138	46.0	115.19621407925732	18.181818181818183	8280522.0
ABLG2929_trimmed_clipped_R2_paired	28.451961620073362	46.0	109.36833583679869	18.181818181818183	8280522.0
ABLG2930_trimmed_clipped_R1_paired	33.75910972915331	50.0	120.6820453964806	18.181818181818183	12262933.0
ABLG2930_trimmed_clipped_R2_paired	32.84593530307379	50.0	113.5649251284338	18.181818181818183	12262933.0
ABLG2931_trimmed_clipped_R1_paired	31.048044253945093	48.0	115.61359507482125	18.181818181818183	6019680.0
ABLG2931_trimmed_clipped_R2_paired	31.029115169590384	48.0	109.92484218430215	18.181818181818183	6019680.0
ABLG2935_trimmed_clipped_R1_paired	27.965181008949372	47.0	116.41034303700833	18.181818181818183	18570387.0
ABLG2935_trimmed_clipped_R2_paired	27.788820713325563	47.0	105.24127337787844	18.181818181818183	18570387.0
ABLG2937_trimmed_clipped_R1_paired	25.25334626945437	47.0	113.96287220238102	18.181818181818183	11299162.0
ABLG2937_trimmed_clipped_R2_paired	25.31680230137495	47.0	108.75773964476303	18.181818181818183	11299162.0
GM100_trimmed_clipped_R1_paired	12.777932664289196	45.0	138.65014342084893	0.0	7021643.0
GM100_trimmed_clipped_R2_paired	13.339338550098674	45.0	135.11380669737838	0.0	7021643.0
GM101_trimmed_clipped_R1_paired	13.419351423358592	45.0	138.6557891155913	0.0	6805055.0
GM101_trimmed_clipped_R2_paired	14.041163714247787	45.0	137.31158131712382	0.0	6805055.0
GM102_trimmed_clipped_R1_paired	13.566270586396712	45.0	139.74321506993886	0.0	9729356.0
GM102_trimmed_clipped_R2_paired	13.581712182465651	45.0	134.38198078063954	0.0	9729356.0
GM103_trimmed_clipped_R1_paired	13.409415795814667	45.0	139.0112392067317	0.0	6672446.0
GM103_trimmed_clipped_R2_paired	13.600522839510305	45.0	134.79686819496177	0.0	6672446.0
GM104_trimmed_clipped_R1_paired	14.411695902608841	45.0	138.74979355922727	0.0	8920234.0
GM104_trimmed_clipped_R2_paired	14.70457358916076	45.0	135.89607234518735	0.0	8920234.0
GM105_trimmed_clipped_R1_paired	13.029940832144888	45.0	138.91767231890617	0.0	6541360.0
GM105_trimmed_clipped_R2_paired	13.53220460185274	45.0	137.25197420719851	0.0	6541360.0
GM106_trimmed_clipped_R1_paired	13.925376115417947	45.0	139.50311067552468	0.0	9664621.0
GM106_trimmed_clipped_R2_paired	14.34386176944787	45.0	135.72820744859007	0.0	9664621.0
GM107_trimmed_clipped_R1_paired	16.712165148274295	45.0	138.75471174242153	0.0	9627171.0
GM107_trimmed_clipped_R2_paired	17.065992181355924	45.0	134.4319323921846	0.0	9627171.0
GM108_trimmed_clipped_R1_paired	12.844840959363339	45.0	138.46763296470058	0.0	7884179.0
GM108_trimmed_clipped_R2_paired	13.414978642772283	45.0	135.33138935582258	0.0	7884179.0
GM109_trimmed_clipped_R1_paired	13.523587305481712	45.0	138.5737916924877	0.0	7040447.0
GM109_trimmed_clipped_R2_paired	13.917239940032658	45.0	136.171816221328	0.0	7040447.0
GM10_trimmed_clipped_R1_paired	12.76143629663082	45.0	138.78472702105228	0.0	6513451.0
GM10_trimmed_clipped_R2_paired	13.409842241716746	44.0	137.794233041747	0.0	6513451.0
GM110_trimmed_clipped_R1_paired	12.95918890669806	45.0	138.96605656198915	0.0	8071074.0
GM110_trimmed_clipped_R2_paired	13.176749335870724	45.0	135.60925336578504	0.0	8071074.0
GM111_trimmed_clipped_R1_paired	15.617317121279058	45.0	138.54939570593976	0.0	8748969.0
GM111_trimmed_clipped_R2_paired	16.102483197798705	45.0	137.0516648304503	0.0	8748969.0
GM112_trimmed_clipped_R1_paired	13.061923646776734	45.0	138.77212625795332	0.0	7645554.0
GM112_trimmed_clipped_R2_paired	13.58054148816393	45.0	136.13679675795893	0.0	7645554.0
GM113_trimmed_clipped_R1_paired	14.33851684532631	45.0	138.8115260380202	0.0	7792912.0
GM113_trimmed_clipped_R2_paired	14.792201558897133	45.0	134.8045354547825	0.0	7792912.0
GM114_trimmed_clipped_R1_paired	13.36848375229134	45.0	138.34500456917007	0.0	7089909.0
GM114_trimmed_clipped_R2_paired	13.822981961866688	45.0	133.95451422578202	0.0	7089909.0
GM115_trimmed_clipped_R1_paired	14.138944156325508	45.0	138.4457027277364	0.0	7405151.0
GM115_trimmed_clipped_R2_paired	14.431144744186085	45.0	133.90371094390918	0.0	7405151.0
GM116_trimmed_clipped_R1_paired	12.878586843054592	45.0	139.14476456068286	0.0	7960650.0
GM116_trimmed_clipped_R2_paired	13.164175987078252	45.0	135.69321387072662	0.0	7960650.0
GM117_trimmed_clipped_R1_paired	14.980092091843034	45.0	139.3279965276683	0.0	9609681.0
GM117_trimmed_clipped_R2_paired	15.339008096258056	45.0	135.71675365706727	0.0	9609681.0
GM118_trimmed_clipped_R1_paired	13.506227618207276	45.0	139.47545062950942	0.0	9319241.0
GM118_trimmed_clipped_R2_paired	13.963762996072177	45.0	134.479650005832	0.0	9319241.0
GM119_trimmed_clipped_R1_paired	14.798328273662435	45.0	138.87587141036983	0.0	10610529.0
GM119_trimmed_clipped_R2_paired	15.050215106542765	45.0	132.68902087728142	0.0	10610529.0
GM11_trimmed_clipped_R1_paired	13.582157711239859	44.0	139.5946832382631	0.0	8086125.0
GM11_trimmed_clipped_R2_paired	13.918278004102518	44.0	136.37557062251696	0.0	8086125.0
GM120_trimmed_clipped_R1_paired	14.719179719418264	45.0	139.51115456698466	0.0	9956460.0
GM120_trimmed_clipped_R2_paired	14.886566989863041	45.0	133.97478571701188	0.0	9956460.0
GM121_trimmed_clipped_R1_paired	16.2539914216444	45.0	139.7001423503635	0.0	10571803.0
GM121_trimmed_clipped_R2_paired	16.513971309631543	45.0	136.7335690042654	0.0	10571803.0
GM122_trimmed_clipped_R1_paired	14.01437116353273	45.0	140.72517458647948	0.0	9536105.0
GM122_trimmed_clipped_R2_paired	13.962345246067898	45.0	133.4939901563584	0.0	9536105.0
GM123_trimmed_clipped_R1_paired	13.057150891297965	45.0	140.29826052495807	0.0	8425473.0
GM123_trimmed_clipped_R2_paired	13.264274953687092	45.0	134.6999597530014	0.0	8425473.0
GM124_trimmed_clipped_R1_paired	13.309273023000841	45.0	140.32481924974235	0.0	10073153.0
GM124_trimmed_clipped_R2_paired	13.44076402939119	45.0	135.4603242897234	0.0	10073153.0
GM125_trimmed_clipped_R1_paired	13.706442867046817	45.0	140.17903358225578	0.0	9607812.0
GM125_trimmed_clipped_R2_paired	13.880916812131346	45.0	133.89700350090115	0.0	9607812.0
GM126_trimmed_clipped_R1_paired	12.244215268245256	45.0	140.17568429626814	0.0	8560583.0
GM126_trimmed_clipped_R2_paired	12.538465178812771	45.0	133.58081686726243	0.0	8560583.0
GM127_trimmed_clipped_R1_paired	15.223217574705842	45.0	138.66772061637954	0.0	8119932.0
GM127_trimmed_clipped_R2_paired	15.727133235102258	45.0	136.67951936050696	0.0	8119932.0
GM128_trimmed_clipped_R1_paired	15.37740829408905	45.0	140.22243711812158	0.0	9565872.0
GM128_trimmed_clipped_R2_paired	15.574599942009797	45.0	134.40390745349717	0.0	9565872.0
GM129_trimmed_clipped_R1_paired	14.522285685635964	45.0	140.6162547520143	0.0	9875549.0
GM129_trimmed_clipped_R2_paired	14.442078776002376	45.0	133.15901515956227	0.0	9875549.0
GM12_trimmed_clipped_R1_paired	12.817579401858112	45.0	139.47797472411963	0.0	7374936.0
GM12_trimmed_clipped_R2_paired	13.329235153327303	45.0	137.84673548353504	0.0	7374936.0
GM130_trimmed_clipped_R1_paired	12.39572725075432	45.0	140.17566688308048	0.0	8506851.0
GM130_trimmed_clipped_R2_paired	12.786985817608297	45.0	136.90625908458958	0.0	8506851.0
GM131_trimmed_clipped_R1_paired	13.504522702805914	45.0	140.37145042219709	0.0	9491657.0
GM131_trimmed_clipped_R2_paired	13.83005660310097	45.0	135.10520892189845	0.0	9491657.0
GM132_trimmed_clipped_R1_paired	12.485537817872967	45.0	140.21592848542153	0.0	8236866.0
GM132_trimmed_clipped_R2_paired	13.15231550409274	45.0	130.65371793106746	0.0	8236866.0
GM133_trimmed_clipped_R1_paired	12.966951525008753	45.0	140.59480247362367	0.0	7529197.0
GM133_trimmed_clipped_R2_paired	13.07520564200864	45.0	136.34124874139965	0.0	7529197.0
GM134_trimmed_clipped_R1_paired	11.356054472710852	45.0	140.32189477012605	0.0	7634467.0
GM134_trimmed_clipped_R2_paired	11.742944885502453	45.0	134.70184231590758	0.0	7634467.0
GM135_trimmed_clipped_R1_paired	14.715327156934194	45.0	138.35512343539045	0.0	8062315.0
GM135_trimmed_clipped_R2_paired	15.334014680172388	45.0	137.85943020087902	0.0	8062315.0
GM136_trimmed_clipped_R1_paired	12.090093077604038	45.0	140.3650346986486	0.0	9439993.0
GM136_trimmed_clipped_R2_paired	12.49188508678607	45.0	134.7544498179183	0.0	9439993.0
GM137_trimmed_clipped_R1_paired	14.059409952986684	45.0	140.26985939156341	0.0	10354144.0
GM137_trimmed_clipped_R2_paired	14.208503348514284	45.0	134.95103313224155	0.0	10354144.0
GM138_trimmed_clipped_R1_paired	12.661853771145275	45.0	140.0731078784381	0.0	8518097.0
GM138_trimmed_clipped_R2_paired	12.990547720079874	45.0	135.59620499743076	0.0	8518097.0
GM139_trimmed_clipped_R1_paired	13.709404614011234	45.0	140.10988243713746	0.0	9915206.0
GM139_trimmed_clipped_R2_paired	13.915274210133362	45.0	133.70609990352193	0.0	9915206.0
GM13_trimmed_clipped_R1_paired	13.99030649895144	45.0	138.82462778214244	0.0	6762639.0
GM13_trimmed_clipped_R2_paired	14.415660073856145	45.0	136.19868574974947	0.0	6762639.0
GM140_trimmed_clipped_R1_paired	13.910064364440956	45.0	140.48376427304282	0.0	9547894.0
GM140_trimmed_clipped_R2_paired	14.10386167175885	45.0	134.6738970918613	0.0	9547894.0
GM141_trimmed_clipped_R1_paired	12.389128265453408	45.0	140.21866901890508	0.0	8255399.0
GM141_trimmed_clipped_R2_paired	12.665268683429915	45.0	136.27431999349758	0.0	8255399.0
GM142_trimmed_clipped_R1_paired	12.521245017350566	45.0	140.55569705846855	0.0	7672398.0
GM142_trimmed_clipped_R2_paired	12.602705587968018	45.0	133.85345103317113	0.0	7672398.0
GM143_trimmed_clipped_R1_paired	13.307750995089847	45.0	140.30361001217082	0.0	7503188.0
GM143_trimmed_clipped_R2_paired	13.51967514099887	45.0	134.4033122987189	0.0	7503188.0
GM144_trimmed_clipped_R1_paired	12.066381758116506	45.0	140.3163520386968	0.0	7594631.0
GM144_trimmed_clipped_R2_paired	12.458017350864154	45.0	135.02076914599274	0.0	7594631.0
GM145_trimmed_clipped_R1_paired	12.406905707256456	45.0	140.3601611400268	0.0	7587190.0
GM145_trimmed_clipped_R2_paired	12.699740435862253	45.0	135.89537035450542	0.0	7587190.0
GM146_trimmed_clipped_R1_paired	17.302207906584258	45.0	141.28816188740873	0.0	10383167.0
GM146_trimmed_clipped_R2_paired	17.133917180996704	45.0	134.38208978050724	0.0	10383167.0
GM147_trimmed_clipped_R1_paired	12.684152484392825	45.0	140.41420309412808	0.0	7847445.0
GM147_trimmed_clipped_R2_paired	12.735800991321355	45.0	135.50149723891025	0.0	7847445.0
GM148_trimmed_clipped_R1_paired	12.849892083768793	45.0	140.98420055995788	0.0	9772878.0
GM148_trimmed_clipped_R2_paired	12.987162869251023	45.0	135.64317235925793	0.0	9772878.0
GM149_trimmed_clipped_R1_paired	12.342385960444062	45.0	140.2654746197758	0.0	7555016.0
GM149_trimmed_clipped_R2_paired	12.628615406967285	45.0	133.89571312621973	0.0	7555016.0
GM14_trimmed_clipped_R1_paired	13.599359501874474	45.0	139.71369703323836	0.0	8908535.0
GM14_trimmed_clipped_R2_paired	14.062480880132554	45.0	137.45555436443814	0.0	8908535.0
GM150_trimmed_clipped_R1_paired	12.950787566134252	45.0	140.3988034492179	0.0	9762561.0
GM150_trimmed_clipped_R2_paired	13.32896312569089	45.0	135.6209731237531	0.0	9762561.0
GM151_trimmed_clipped_R1_paired	12.683704440256989	45.0	140.21260761591245	0.0	8096154.0
GM151_trimmed_clipped_R2_paired	12.884475760865428	45.0	134.10671733763957	0.0	8096154.0
GM152_trimmed_clipped_R1_paired	14.478269288952333	45.0	140.22816706265877	0.0	9600781.0
GM152_trimmed_clipped_R2_paired	14.653179534902165	45.0	134.36869979640198	0.0	9600781.0
GM153_trimmed_clipped_R1_paired	13.139787271697628	45.0	140.29681886240476	0.0	8971539.0
GM153_trimmed_clipped_R2_paired	13.431788972075182	45.0	134.61065632106153	0.0	8971539.0
GM154_trimmed_clipped_R1_paired	13.04211824231028	45.0	140.5822851376956	0.0	8636985.0
GM154_trimmed_clipped_R2_paired	13.166148319695736	45.0	135.2626206946058	0.0	8636985.0
GM155_trimmed_clipped_R1_paired	13.390718289374078	45.0	140.3225909618923	0.0	7429210.0
GM155_trimmed_clipped_R2_paired	13.463338854336271	45.0	135.41000012114344	0.0	7429210.0
GM156_trimmed_clipped_R1_paired	13.522325342715575	45.0	140.6871592061039	0.0	9215614.0
GM156_trimmed_clipped_R2_paired	13.561054881311208	45.0	135.46563593049797	0.0	9215614.0
GM15_trimmed_clipped_R1_paired	14.916788193928184	45.0	138.73703647702362	0.0	8227316.0
GM15_trimmed_clipped_R2_paired	15.212635712927863	44.0	136.11864051411177	0.0	8227316.0
GM160_trimmed_clipped_R1_paired	14.88403241472291	46.0	139.392666414784	0.0	7315576.0
GM160_trimmed_clipped_R2_paired	15.02327120800912	46.0	133.6911381960901	0.0	7315576.0
GM16_trimmed_clipped_R1_paired	13.79280025415322	45.0	138.70367894199703	0.0	7875063.0
GM16_trimmed_clipped_R2_paired	14.367361144911698	45.0	138.03152000180825	0.0	7875063.0
GM17_trimmed_clipped_R1_paired	13.944447120190148	45.0	138.5211693008761	0.0	6893213.0
GM17_trimmed_clipped_R2_paired	14.412421128761437	45.0	136.01023078787787	0.0	6893213.0
GM18_trimmed_clipped_R1_paired	13.254110705224477	45.0	138.7926853053398	0.0	7485726.0
GM18_trimmed_clipped_R2_paired	13.692288527470964	44.0	136.15573759979995	0.0	7485726.0
GM19_trimmed_clipped_R1_paired	15.686992405289118	45.0	138.53336713303193	0.0	10013896.0
GM19_trimmed_clipped_R2_paired	16.41307412034766	45.0	137.24067306071484	0.0	10013896.0
GM1_trimmed_clipped_R1_paired	14.2440439477529	45.0	139.47462214540508	0.0	8293865.0
GM1_trimmed_clipped_R2_paired	14.519754749949712	45.0	136.03659560410014	0.0	8293865.0
GM20_trimmed_clipped_R1_paired	12.574983179169877	45.0	139.01820418608563	0.0	7239269.0
GM20_trimmed_clipped_R2_paired	13.002072249709656	45.0	137.0553042026757	0.0	7239269.0
GM21_trimmed_clipped_R1_paired	13.954369974326994	45.0	138.59801844359208	0.0	7368955.0
GM21_trimmed_clipped_R2_paired	14.459746210845097	45.0	136.0596632765433	0.0	7368955.0
GM22_trimmed_clipped_R1_paired	13.3588206406219	45.0	138.53726531961732	0.0	6690376.0
GM22_trimmed_clipped_R2_paired	13.785243063009204	45.0	136.72650520688225	0.0	6690376.0
GM23_trimmed_clipped_R1_paired	13.95380204985321	45.0	138.58253560426215	0.0	6911181.0
GM23_trimmed_clipped_R2_paired	14.378857395605749	45.0	137.18751932556825	0.0	6911181.0
GM24_trimmed_clipped_R1_paired	14.441232040591075	45.0	138.79553825381385	0.0	8425356.0
GM24_trimmed_clipped_R2_paired	14.953886154959108	45.0	137.64274838950425	0.0	8425356.0
GM25_trimmed_clipped_R1_paired	13.395513529459322	45.0	139.2037865530855	0.0	7647747.0
GM25_trimmed_clipped_R2_paired	13.931407836907027	45.0	136.8145498275505	0.0	7647747.0
GM26_trimmed_clipped_R1_paired	14.77039819999871	45.0	138.71578434133062	0.0	8931985.0
GM26_trimmed_clipped_R2_paired	15.422694240446276	45.0	137.82114054154815	0.0	8931985.0
GM27_trimmed_clipped_R1_paired	13.246079340567007	45.0	138.44174045031846	0.0	7347156.0
GM27_trimmed_clipped_R2_paired	13.775298325489274	45.0	136.76768983808157	0.0	7347156.0
GM28_trimmed_clipped_R1_paired	13.419367366823906	45.0	139.75888161951514	0.0	9097834.0
GM28_trimmed_clipped_R2_paired	13.955656276472666	44.0	137.59259599592608	0.0	9097834.0
GM29_trimmed_clipped_R1_paired	13.999816213795029	45.0	138.75757272382066	0.0	7381591.0
GM29_trimmed_clipped_R2_paired	14.539419276257945	45.0	138.103704743327	0.0	7381591.0
GM2_trimmed_clipped_R1_paired	13.358555012830067	45.0	139.16070358846218	0.0	6707330.0
GM2_trimmed_clipped_R2_paired	13.737171799327257	45.0	135.9444826779061	0.0	6707330.0
GM30_trimmed_clipped_R1_paired	13.742589674409217	45.0	138.74157290347338	0.0	7937283.0
GM30_trimmed_clipped_R2_paired	14.330863514806111	45.0	137.4077595570172	0.0	7937283.0
GM31_trimmed_clipped_R1_paired	14.087691577113333	45.0	138.72580525097638	0.0	7281084.0
GM31_trimmed_clipped_R2_paired	14.549531635573018	45.0	136.28980602338882	0.0	7281084.0
GM32_trimmed_clipped_R1_paired	14.196144416104843	45.0	138.93478552220893	0.0	8215093.0
GM32_trimmed_clipped_R2_paired	14.650955007880157	45.0	137.25918757097455	0.0	8215093.0
GM33_trimmed_clipped_R1_paired	14.37416051726808	44.0	139.09654067936808	0.0	6888578.0
GM33_trimmed_clipped_R2_paired	14.533052646962787	44.0	135.93708367677624	0.0	6888578.0
GM34_trimmed_clipped_R1_paired	13.147174235656749	45.0	139.49402384011364	0.0	9050628.0
GM34_trimmed_clipped_R2_paired	13.713486056925362	45.0	137.18463006103002	0.0	9050628.0
GM35_trimmed_clipped_R1_paired	14.673295151027403	45.0	138.85751629155297	0.0	7602406.0
GM35_trimmed_clipped_R2_paired	14.841448077667465	45.0	135.8271339362828	0.0	7602406.0
GM36_trimmed_clipped_R1_paired	13.525558471097568	45.0	139.0457640168868	0.0	7254892.0
GM36_trimmed_clipped_R2_paired	14.179778110424195	44.0	138.36526718798845	0.0	7254892.0
GM37_trimmed_clipped_R1_paired	14.666566949485897	45.0	139.29391980149694	0.0	8631807.0
GM37_trimmed_clipped_R2_paired	15.215537328685997	45.0	136.7954845375945	0.0	8631807.0
GM38_trimmed_clipped_R1_paired	14.814606837997545	45.0	138.65101888246195	0.0	9261716.0
GM38_trimmed_clipped_R2_paired	15.29571553727969	45.0	136.9223796108626	0.0	9261716.0
GM39_trimmed_clipped_R1_paired	15.316412144913912	45.0	138.27205318542798	0.0	8040097.0
GM39_trimmed_clipped_R2_paired	15.954506104167805	45.0	137.07646288347019	0.0	8040097.0
GM3_trimmed_clipped_R1_paired	14.495354572181228	45.0	138.60273262349946	0.0	7429344.0
GM3_trimmed_clipped_R2_paired	15.006321980892878	45.0	135.76463009385486	0.0	7429344.0
GM40_trimmed_clipped_R1_paired	14.706030632717557	45.0	138.36891981581488	0.0	8621326.0
GM40_trimmed_clipped_R2_paired	15.334967127213545	45.0	137.42190992429704	0.0	8621326.0
GM41_trimmed_clipped_R1_paired	15.480080247570015	45.0	137.9483581470331	0.0	8397646.0
GM41_trimmed_clipped_R2_paired	16.188702351899366	45.0	137.23113179574372	0.0	8397646.0
GM42_trimmed_clipped_R1_paired	13.638258170489493	45.0	138.2193470788516	0.0	8120368.0
GM42_trimmed_clipped_R2_paired	14.088306973377613	45.0	135.1777112810651	0.0	8120368.0
GM43_trimmed_clipped_R1_paired	13.12024907082666	45.0	138.65372805037057	0.0	6854159.0
GM43_trimmed_clipped_R2_paired	13.443089756779116	45.0	136.2094545807881	0.0	6854159.0
GM44_trimmed_clipped_R1_paired	14.501613635176454	45.0	138.47637849288566	0.0	7340027.0
GM44_trimmed_clipped_R2_paired	14.990279311045157	45.0	133.39225564156644	0.0	7340027.0
GM45_trimmed_clipped_R1_paired	12.67691482887085	45.0	139.28231649500296	0.0	8072178.0
GM45_trimmed_clipped_R2_paired	13.161161631546477	45.0	135.82003791293997	0.0	8072178.0
GM46_trimmed_clipped_R1_paired	14.613079337877991	45.0	139.28703122292592	0.0	9620591.0
GM46_trimmed_clipped_R2_paired	14.838151233373864	45.0	134.9041570315171	0.0	9620591.0
GM47_trimmed_clipped_R1_paired	14.015189261367283	45.0	138.53104521642254	0.0	7669072.0
GM47_trimmed_clipped_R2_paired	14.668816361943982	45.0	138.04048221218943	0.0	7669072.0
GM48_trimmed_clipped_R1_paired	13.111903982715162	45.0	138.9163878439148	0.0	7441705.0
GM48_trimmed_clipped_R2_paired	13.603383123102077	45.0	135.90675470204744	0.0	7441705.0
GM49_trimmed_clipped_R1_paired	14.986792450477253	45.0	138.64701167941215	0.0	7638655.0
GM49_trimmed_clipped_R2_paired	15.457631845837057	45.0	136.08731602618525	0.0	7638655.0
GM4_trimmed_clipped_R1_paired	12.96702751348596	44.0	139.3189662078944	0.0	6690320.0
GM4_trimmed_clipped_R2_paired	13.383666773540483	44.0	137.68244852264166	0.0	6690320.0
GM50_trimmed_clipped_R1_paired	14.922529614324304	45.0	138.13427251628886	0.0	7831275.0
GM50_trimmed_clipped_R2_paired	15.40306085840946	45.0	135.55451340937458	0.0	7831275.0
GM51_trimmed_clipped_R1_paired	13.91292263593013	45.0	138.43543344166068	0.0	8035522.0
GM51_trimmed_clipped_R2_paired	14.66566622240849	45.0	137.3441934450556	0.0	8035522.0
GM52_trimmed_clipped_R1_paired	13.710294638406637	45.0	138.84492524512027	0.0	7337113.0
GM52_trimmed_clipped_R2_paired	14.04969583315031	45.0	134.5312939844323	0.0	7337113.0
GM53_trimmed_clipped_R1_paired	14.67178217627442	45.0	138.66520112707306	0.0	7622221.0
GM53_trimmed_clipped_R2_paired	14.946393368830584	45.0	136.69100043150152	0.0	7622221.0
GM54_trimmed_clipped_R1_paired	13.480322800046906	45.0	139.1099629863393	0.0	7009304.0
GM54_trimmed_clipped_R2_paired	13.848181830112182	45.0	136.2523557260464	0.0	7009304.0
GM55_trimmed_clipped_R1_paired	15.09054824524759	45.0	138.755818698102	0.0	7786063.0
GM55_trimmed_clipped_R2_paired	15.589040502710816	45.0	137.18819857994984	0.0	7786063.0
GM56_trimmed_clipped_R1_paired	13.317156369030315	45.0	139.19797269410273	0.0	6985231.0
GM56_trimmed_clipped_R2_paired	13.56954317065447	45.0	134.75824636293345	0.0	6985231.0
GM57_trimmed_clipped_R1_paired	13.710019078112438	45.0	138.48452410661784	0.0	7569353.0
GM57_trimmed_clipped_R2_paired	14.042782143729639	45.0	134.76170367533393	0.0	7569353.0
GM58_trimmed_clipped_R1_paired	12.961448510626212	45.0	138.80571781605397	0.0	7730539.0
GM58_trimmed_clipped_R2_paired	13.530783402056684	45.0	135.5015471754298	0.0	7730539.0
GM59_trimmed_clipped_R1_paired	14.050723355134792	45.0	138.6223995635115	0.0	9347325.0
GM59_trimmed_clipped_R2_paired	14.511332453715596	45.0	135.37944449347808	0.0	9347325.0
GM5_trimmed_clipped_R1_paired	13.768285172015453	45.0	138.81789639222202	0.0	6502562.0
GM5_trimmed_clipped_R2_paired	14.181464588471385	44.0	136.29567807273503	0.0	6502562.0
GM60_trimmed_clipped_R1_paired	14.077446984140792	45.0	139.7090440821875	0.0	9005701.0
GM60_trimmed_clipped_R2_paired	14.40457707590214	45.0	136.38611874855715	0.0	9005701.0
GM61_trimmed_clipped_R1_paired	14.111644343052191	45.0	139.36591890289606	0.0	9010778.0
GM61_trimmed_clipped_R2_paired	14.444140645696109	45.0	136.57708324408836	0.0	9010778.0
GM62_trimmed_clipped_R1_paired	13.549183157121817	45.0	139.03291409312976	0.0	7505721.0
GM62_trimmed_clipped_R2_paired	13.69304362074783	45.0	133.764563990588	0.0	7505721.0
GM63_trimmed_clipped_R1_paired	15.82653772307063	45.0	138.6398842557982	0.0	7958930.0
GM63_trimmed_clipped_R2_paired	16.21765110408198	45.0	135.7751858604109	0.0	7958930.0
GM64_trimmed_clipped_R1_paired	14.27685371273543	45.0	139.67601717042027	0.0	9232622.0
GM64_trimmed_clipped_R2_paired	14.46729391352325	45.0	134.91119467470887	0.0	9232622.0
GM65_trimmed_clipped_R1_paired	13.463998127292527	45.0	138.69751532233897	0.0	7080838.0
GM65_trimmed_clipped_R2_paired	14.0048666920204	45.0	133.89692519444733	0.0	7080838.0
GM66_trimmed_clipped_R1_paired	13.714018797322836	45.0	138.97830365094427	0.0	9127803.0
GM66_trimmed_clipped_R2_paired	14.078473367141171	45.0	136.20328363791376	0.0	9127803.0
GM67_trimmed_clipped_R1_paired	14.183189499122406	45.0	138.7188233936396	0.0	8994308.0
GM67_trimmed_clipped_R2_paired	14.590109922867683	45.0	135.51078504316285	0.0	8994308.0
GM68_trimmed_clipped_R1_paired	12.82641194963729	45.0	138.66071160419432	0.0	7844698.0
GM68_trimmed_clipped_R2_paired	13.273994716561305	45.0	135.89719017864041	0.0	7844698.0
GM69_trimmed_clipped_R1_paired	16.058748722974798	45.0	138.16807039667276	0.0	9581021.0
GM69_trimmed_clipped_R2_paired	16.485086584910817	45.0	135.44933196576858	0.0	9581021.0
GM6_trimmed_clipped_R1_paired	13.14489581864602	44.0	139.8125227901867	0.0	8399997.0
GM6_trimmed_clipped_R2_paired	13.512915698236498	44.0	137.9714993945831	0.0	8399997.0
GM70_trimmed_clipped_R1_paired	12.76005402326983	45.0	139.4469058850157	0.0	8350530.0
GM70_trimmed_clipped_R2_paired	13.098324137186637	45.0	136.98545421667845	0.0	8350530.0
GM71_trimmed_clipped_R1_paired	13.669578087829066	45.0	138.61098732913047	0.0	9059836.0
GM71_trimmed_clipped_R2_paired	14.17224091835007	45.0	134.24829643715404	0.0	9059836.0
GM72_trimmed_clipped_R1_paired	13.608347393702047	45.0	138.5455382850443	0.0	7130330.0
GM72_trimmed_clipped_R2_paired	13.962018156122369	45.0	134.8889964419599	0.0	7130330.0
GM73_trimmed_clipped_R1_paired	15.00118134601604	44.0	138.98725767105884	0.0	8144508.0
GM73_trimmed_clipped_R2_paired	15.429894600877802	44.0	135.8662524488895	0.0	8144508.0
GM74_trimmed_clipped_R1_paired	13.949216918365465	45.0	139.42500577829756	0.0	9652497.0
GM74_trimmed_clipped_R2_paired	14.28579400601727	45.0	135.18042564530194	0.0	9652497.0
GM75_trimmed_clipped_R1_paired	14.083117293392817	45.0	138.99764651548568	0.0	7426860.0
GM75_trimmed_clipped_R2_paired	14.324067787577917	45.0	135.1657128315331	0.0	7426860.0
GM76_trimmed_clipped_R1_paired	13.696634935930277	45.0	139.24468242759008	0.0	8725081.0
GM76_trimmed_clipped_R2_paired	14.336040354726649	45.0	135.94768289257144	0.0	8725081.0
GM77_trimmed_clipped_R1_paired	14.449845322209299	45.0	138.70459621082048	0.0	9377703.0
GM77_trimmed_clipped_R2_paired	14.935971424154218	45.0	135.6958562240668	0.0	9377703.0
GM78_trimmed_clipped_R1_paired	13.952074475928953	45.0	139.34484050430729	0.0	7818487.0
GM78_trimmed_clipped_R2_paired	14.002837712184373	45.0	134.71177339042708	0.0	7818487.0
GM79_trimmed_clipped_R1_paired	14.585081987900722	45.0	138.4398744733495	0.0	8303894.0
GM79_trimmed_clipped_R2_paired	15.11145677908084	45.0	135.50011187522384	0.0	8303894.0
GM7_trimmed_clipped_R1_paired	13.433790630761195	45.0	139.11190100159132	0.0	6676875.0
GM7_trimmed_clipped_R2_paired	13.994410766922059	44.0	136.17633982963588	0.0	6676875.0
GM80_trimmed_clipped_R1_paired	12.237656184492337	45.0	138.65906881304076	0.0	6901686.0
GM80_trimmed_clipped_R2_paired	12.846970350867196	45.0	136.13413678918457	0.0	6901686.0
GM81_trimmed_clipped_R1_paired	12.939726543100335	45.0	138.32826352698214	0.0	6864299.0
GM81_trimmed_clipped_R2_paired	13.439132923857542	45.0	136.54966748971745	0.0	6864299.0
GM82_trimmed_clipped_R1_paired	13.10159905493893	45.0	138.61290382544087	0.0	9360542.0
GM82_trimmed_clipped_R2_paired	13.498938626155123	45.0	135.93262954217823	0.0	9360542.0
GM83_trimmed_clipped_R1_paired	13.585383600581949	45.0	138.61729786814246	0.0	7592346.0
GM83_trimmed_clipped_R2_paired	14.013553742167744	45.0	133.90780912777157	0.0	7592346.0
GM84_trimmed_clipped_R1_paired	14.853317966089847	45.0	138.96154661186463	0.0	8248844.0
GM84_trimmed_clipped_R2_paired	15.124129985786979	45.0	134.7176683181304	0.0	8248844.0
GM85_trimmed_clipped_R1_paired	13.641779990085155	45.0	138.11167926644825	0.0	7085308.0
GM85_trimmed_clipped_R2_paired	14.12162223808069	45.0	133.41782276790227	0.0	7085308.0
GM86_trimmed_clipped_R1_paired	12.837093448326797	45.0	138.81780374177418	0.0	6597512.0
GM86_trimmed_clipped_R2_paired	13.308721385933339	45.0	134.9074425328821	0.0	6597512.0
GM87_trimmed_clipped_R1_paired	14.61407567885557	45.0	139.32245273201633	0.0	8640944.0
GM87_trimmed_clipped_R2_paired	15.006237353187586	45.0	137.24697255299884	0.0	8640944.0
GM88_trimmed_clipped_R1_paired	12.510514231732316	45.0	138.49383333650886	0.0	6770517.0
GM88_trimmed_clipped_R2_paired	13.07241551786528	45.0	134.88020870488916	0.0	6770517.0
GM89_trimmed_clipped_R1_paired	13.179484125850209	45.0	139.76147501405762	0.0	8659009.0
GM89_trimmed_clipped_R2_paired	13.460763735332407	45.0	136.58287651623874	0.0	8659009.0
GM8_trimmed_clipped_R1_paired	13.70093449279895	45.0	138.90013456914747	0.0	6810625.0
GM8_trimmed_clipped_R2_paired	14.120911314852776	44.0	137.14107031293017	0.0	6810625.0
GM90_trimmed_clipped_R1_paired	13.659146563423533	45.0	138.51490574198624	0.0	7907020.0
GM90_trimmed_clipped_R2_paired	14.241819039023923	45.0	136.05196622747889	0.0	7907020.0
GM91_trimmed_clipped_R1_paired	13.960810870405481	45.0	138.41573299331276	0.0	7554837.0
GM91_trimmed_clipped_R2_paired	14.281942213427811	45.0	136.47726575702427	0.0	7554837.0
GM92_trimmed_clipped_R1_paired	12.37732943249074	45.0	138.88093512734423	0.0	6639053.0
GM92_trimmed_clipped_R2_paired	12.784091855023206	45.0	134.36485534909875	0.0	6639053.0
GM93_trimmed_clipped_R1_paired	14.707694589406657	45.0	138.414567201839	0.0	8744411.0
GM93_trimmed_clipped_R2_paired	15.189772076061175	45.0	136.28315812237096	0.0	8744411.0
GM94_trimmed_clipped_R1_paired	12.94014409836781	45.0	139.46952258902155	0.0	6660802.0
GM94_trimmed_clipped_R2_paired	12.780174341995846	45.0	127.64383673317417	0.0	6660802.0
GM95_trimmed_clipped_R1_paired	14.201582001062278	45.0	138.43806487282856	0.0	8064979.0
GM95_trimmed_clipped_R2_paired	14.729537741919344	45.0	133.93688452257595	0.0	8064979.0
GM96_trimmed_clipped_R1_paired	14.42178937614193	45.0	138.64719054358764	0.0	8457330.0
GM96_trimmed_clipped_R2_paired	14.70998995594222	45.0	136.34761526391898	0.0	8457330.0
GM97_trimmed_clipped_R1_paired	14.066911264323608	45.0	138.78048086460564	0.0	7443301.0
GM97_trimmed_clipped_R2_paired	14.510101200056368	45.0	136.8651696337418	0.0	7443301.0
GM98_trimmed_clipped_R1_paired	13.310479479136774	45.0	138.76864922978905	0.0	8205674.0
GM98_trimmed_clipped_R2_paired	13.883210171960698	45.0	134.75603698124004	0.0	8205674.0
GM99_trimmed_clipped_R1_paired	15.232608271761691	45.0	138.4409823473279	0.0	7962194.0
GM99_trimmed_clipped_R2_paired	15.654606200086533	45.0	135.56542468068474	0.0	7962194.0
GM9_trimmed_clipped_R1_paired	14.81548767531315	45.0	138.77035189664386	0.0	7381855.0
GM9_trimmed_clipped_R2_paired	15.065284065072007	45.0	136.11524257791572	0.0	7381855.0
