Cold_Downregulated	Cold_Upregulated	Cool_Downregulated	Cool_Upregulated	Warm_Downregulated	Warm_Upregulated
132445564	132445546	132445625	132445529	132445529	132445441
132445574	132445568	132445960	132445564	132445635	132445536
132445583	132445603	132445961	132445789	132445788	132445664
132445592	132445617	132446277	132446048	132446138	132445973
132445654	132445700	132446599	132446052	132446141	132446077
132445729	132445779	132446603	132446141	132446160	132446122
132445789	132445816	132447050	132446450	132446239	132446222
132446005	132445961	132447052	132447392	132446269	132446243
132446039	132446016	132447754	132447896	132446274	132446246
132446141	132446027	132447972	132449199	132446395	132446251
132446274	132446034	132448616	132449475	132446691	132446276
132446417	132446037	132449192	132449880	132447036	132446474
132446454	132446079	132449790	132449991	132447052	132446619
132446469	132446132	132450431	132450220	132447285	132446736
132446650	132446148	132451380	132450334	132447373	132446847
132446652	132446154	132451430	132451023	132447428	132446855
132446706	132446244	132451506	132451378	132447711	132446866
132446719	132446410	132452315	132451415	132448278	132446954
132446847	132446439	132453826	132452376	132448379	132447531
132446860	132446497	132454257	132452448	132448389	132447655
132447278	132446599	132454335	132453002	132448418	132447813
132447321	132446600	132454958	132454424	132448509	132447955
132447398	132446603	132455657	132454547	132448589	132448144
132447416	132446639	132455853	132454563	132448623	132448352
132447428	132446866	132456010	132454566	132448660	132448390
132447527	132447036	132457835	132454798	132449120	132448549
132447532	132447050	132457988	132455272	132449435	132448683
132447547	132447072	132458265	132455900	132449485	132448769
132447610	132447285	132458739	132456026	132449845	132448981
132447638	132447381	132458971	132456640	132449847	132448982
132447641	132447475	132459298	132457377	132449889	132449115
132447702	132447488	132459750	132457874	132450014	132449199
132447723	132447501	132460815	132458812	132450204	132449521
132447811	132447510	132463359	132460659	132450663	132449550
132447902	132447524	132463690	132461001	132450903	132449560
132447999	132447589	132464012	132462222	132451183	132449618
132448410	132447594	132464016	132462789	132451297	132449764
132448449	132447595	132464247	132462814	132451600	132449780
132448476	132447757	132464763	132463330	132452056	132449832
132448535	132447798	132465096	132463954	132452233	132450287
132448600	132447813	132466073	132464560	132452455	132450376
132448673	132448139	132467024	132465644	132452552	132450637
132448749	132448204	132467314	132465763	132452580	132450773
132448791	132448235	132467891	132466285	132452867	132450790
132448880	132448239	132468700	132467205	132453407	132450917
132448899	132448243	132468728	132467339	132453581	132451051
132448994	132448300	132468972	132468091	132453587	132451213
132449120	132448416	132469262	132468152	132453742	132451366
132449441	132448454	132469840	132468889	132453918	132451378
132449443	132448458	132469929	132469181	132454145	132451380
132449473	132448465	132469939	132469443	132454183	132451432
132449544	132448466	132470463	132470418	132454185	132451465
132449705	132448477	132470561	132470424	132454262	132451548
132449730	132448524	132470562	132471008	132454969	132451682
132449832	132448565	132470565	132471059	132455373	132451726
132449851	132448623	132470702	132471739	132455752	132451758
132449893	132448649	132470973	132472717	132455799	132452078
132449979	132448681	132471030	132473288	132456026	132452254
132450044	132448836	132472046	132473524	132457138	132452315
132450046	132448837	132472329	132473888	132457251	132452744
132450219	132448995	132472535	132474116	132457301	132452865
132450446	132449156	132472768	132474644	132457341	132453091
132450814	132449378	132472999	132475059	132457425	132453400
132450817	132449462	132473300	132475526	132457663	132453427
132450862	132449486	132473420	132475826	132457742	132453457
132451021	132449512	132473581	132475864	132457822	132453602
132451023	132449513	132475686		132458245	132453689
132451092	132449580	132475693		132458832	132453813
132451125	132449674	132475710		132459245	132453824
132451378	132449692			132459596	132453980
132451436	132449722			132459705	132454122
132451600	132449932			132459759	132454272
132451726	132449936			132460026	132454291
132452067	132449966			132460145	132454389
132452098	132450006			132460844	132454515
132452147	132450019			132460863	132454574
132452156	132450047			132461405	132454733
132452179	132450066			132461607	132454856
132452233	132450098			132461628	132454901
132452271	132450105			132461763	132454912
132452313	132450106			132461834	132454913
132452352	132450127			132461883	132455700
132452572	132450170			132462628	132455731
132452656	132450171			132462696	132455979
132452684	132450204			132462702	132455981
132452723	132450207			132462805	132456010
132452823	132450431			132462921	132456068
132452848	132450638			132463122	132456111
132452855	132450694			132463139	132456187
132452870	132450726			132463527	132456368
132452955	132450753			132463690	132456594
132453033	132450765			132464197	132456595
132453043	132450870			132464498	132456640
132453074	132450895			132465089	132457253
132453302	132450922			132465193	132457320
132453323	132450951			132465473	132457346
132453425	132451072			132465901	132457364
132453506	132451169			132466400	132457499
132453538	132451188			132467373	132457574
132453551	132451275			132467440	132457838
132453571	132451293			132467587	132457840
132453585	132451316			132467990	132457917
132453914	132451327			132467996	132457981
132453916	132451427			132468091	132458055
132453925	132451592			132468406	132458060
132454005	132451656			132468513	132458285
132454018	132452087			132468611	132458889
132454090	132452232			132468659	132458937
132454104	132452257			132468720	132458972
132454296	132452371			132468992	132459323
132454458	132452385			132469126	132459489
132454547	132452395			132469197	132459620
132454563	132452408			132470064	132459622
132454566	132452454			132470076	132459860
132454602	132452499			132470486	132460020
132454672	132452606			132470545	132460654
132455072	132452709			132470579	132460659
132455178	132452711			132471059	132460736
132455220	132452819			132471246	132460795
132455284	132452965			132471532	132460813
132455424	132453002			132471747	132461001
132455492	132453068			132471778	132461247
132455516	132453415			132471836	132461264
132455593	132453480			132472027	132461396
132455597	132453488			132472265	132461515
132455665	132453498			132472287	132461570
132455739	132453581			132472567	132461644
132455793	132453689			132472688	132461727
132455900	132453832			132472777	132461823
132456026	132453879			132472849	132461826
132456094	132453880			132473002	132462420
132456189	132453943			132473121	132462462
132456252	132453975			132473147	132462698
132456279	132453978			132473810	132462712
132456286	132453988			132473887	132462787
132456352	132453996			132474081	132462968
132456460	132454008			132474188	132463025
132456553	132454140			132474399	132463102
132456585	132454157			132474561	132463945
132456588	132454160			132474612	132463949
132456597	132454309			132474909	132463962
132456916	132454335			132474990	132464016
132457129	132454347			132475039	132464064
132457134	132454355			132475229	132464080
132457148	132454361			132475459	132464185
132457152	132454421			132475618	132464191
132457259	132454425			132475712	132464288
132457301	132454436				132464382
132457322	132454460				132464569
132457360	132454514				132464623
132457454	132454528				132464866
132457571	132454550				132465019
132457590	132454558				132465127
132457727	132454581				132465129
132457742	132454595				132465134
132457842	132454596				132465202
132457874	132454657				132465204
132457890	132454696				132466060
132457939	132454708				132466158
132457942	132454906				132466987
132457955	132454928				132467024
132458030	132455016				132467166
132458136	132455141				132467169
132458241	132455146				132467367
132458313	132455279				132467470
132458746	132455408				132467532
132458812	132455484				132467730
132458823	132455553				132467927
132458888	132455657				132468051
132458891	132455780				132468400
132458901	132455781				132468830
132458985	132455789				132469328
132459245	132455853				132469558
132459320	132455880				132469840
132459339	132455882				132469979
132459467	132455887				132470214
132459513	132455975				132470235
132459551	132456043				132470340
132459581	132456108				132470748
132459725	132456126				132471031
132459806	132456221				132471036
132460153	132456227				132471147
132460161	132456395				132471255
132460162	132456493				132471536
132460208	132456524				132471566
132460305	132456531				132471603
132460659	132456547				132471679
132460679	132456578				132471831
132460710	132457125				132471925
132460719	132457289				132471990
132460864	132457300				132471993
132460893	132457317				132472263
132460898	132457347				132472375
132460973	132457356				132472426
132460983	132457470				132472472
132460993	132457589				132472528
132461001	132457615				132472658
132461046	132457786				132472993
132461154	132457820				132473018
132461246	132457907				132473146
132461308	132458087				132473160
132461309	132458191				132473461
132461332	132458239				132473542
132461583	132458266				132474102
132461584	132458305				132474524
132461592	132458472				132474652
132461607	132458803				132474777
132461676	132458810				132474863
132461782	132458871				132474903
132461841	132458885				132474906
132461874	132459129				132474910
132461898	132459171				132475098
132461974	132459298				132475300
132461983	132459421				132475544
132461987	132459469				132475952
132462098	132459508				
132462222	132459522				
132462364	132459553				
132462384	132459721				
132462388	132459747				
132462563	132459750				
132462607	132459751				
132462628	132459761				
132462657	132459768				
132462727	132459833				
132462730	132459887				
132462864	132459900				
132462915	132460014				
132462917	132460020				
132462962	132460050				
132462986	132460058				
132463089	132460190				
132463180	132460734				
132463200	132460810				
132463291	132460815				
132463326	132460820				
132463330	132460877				
132463361	132460910				
132463420	132460934				
132463429	132460936				
132463502	132461076				
132463534	132461175				
132463584	132461194				
132463628	132461254				
132463629	132461321				
132463700	132461324				
132463716	132461345				
132463936	132461464				
132463988	132461467				
132463989	132461522				
132464010	132461535				
132464035	132461541				
132464040	132461572				
132464041	132461595				
132464118	132461646				
132464192	132461654				
132464197	132461690				
132464236	132461762				
132464249	132461935				
132464328	132461956				
132464433	132462030				
132464492	132462056				
132464560	132462068				
132464637	132462138				
132464849	132462147				
132464875	132462156				
132464877	132462362				
132465011	132462407				
132465034	132462445				
132465089	132462449				
132465168	132462611				
132465210	132462714				
132465217	132462756				
132465510	132462874				
132465513	132462892				
132465591	132462906				
132465684	132462933				
132465765	132462935				
132465845	132462959				
132465893	132462975				
132465906	132462981				
132465910	132463029				
132465921	132463122				
132465947	132463287				
132466064	132463310				
132466127	132463321				
132466131	132463339				
132466138	132463356				
132466186	132463466				
132466285	132463547				
132466303	132463690				
132466316	132463953				
132466338	132463999				
132466416	132464012				
132466425	132464016				
132466504	132464050				
132466537	132464150				
132466574	132464263				
132466612	132464312				
132466614	132464341				
132466626	132464444				
132466634	132464460				
132466978	132464462				
132466985	132464485				
132467011	132464495				
132467053	132464527				
132467065	132464537				
132467084	132464569				
132467132	132464618				
132467205	132464763				
132467229	132464988				
132467269	132465003				
132467522	132465096				
132467564	132465107				
132467623	132465166				
132467657	132465184				
132467753	132465191				
132467754	132465197				
132467813	132465230				
132467860	132465459				
132467931	132465508				
132468091	132465678				
132468108	132465697				
132468113	132465708				
132468119	132465866				
132468369	132465958				
132468403	132466025				
132468726	132466059				
132468745	132466073				
132468891	132466247				
132468980	132466256				
132469044	132466270				
132469126	132466275				
132469177	132466284				
132469280	132466627				
132469326	132467044				
132469485	132467282				
132469500	132467308				
132469590	132467314				
132469606	132467477				
132469734	132467479				
132469742	132467519				
132469814	132467550				
132469833	132467574				
132469838	132467624				
132469847	132467631				
132469871	132467632				
132469986	132467664				
132470074	132467783				
132470098	132467850				
132470170	132467889				
132470205	132467905				
132470232	132467921				
132470281	132467935				
132470406	132468003				
132470408	132468015				
132470416	132468039				
132470418	132468040				
132470424	132468084				
132470486	132468175				
132470511	132468180				
132470534	132468289				
132470580	132468474				
132470581	132468492				
132470637	132468728				
132470657	132468769				
132470704	132468773				
132470776	132468892				
132470785	132468928				
132470931	132468929				
132471059	132468954				
132471076	132468966				
132471121	132468972				
132471130	132468984				
132471192	132469139				
132471264	132469142				
132471497	132469147				
132471536	132469173				
132471552	132469262				
132471623	132469384				
132471698	132469581				
132471734	132469612				
132471778	132469820				
132471827	132469840				
132471864	132469882				
132471904	132469939				
132472019	132469940				
132472021	132469969				
132472130	132469971				
132472493	132470096				
132472538	132470106				
132472554	132470134				
132472629	132470137				
132472638	132470284				
132472804	132470302				
132472826	132470348				
132472848	132470358				
132472849	132470411				
132473003	132470463				
132473005	132470484				
132473044	132470506				
132473160	132470569				
132473288	132470594				
132473756	132470596				
132473803	132470616				
132473888	132470654				
132473917	132470702				
132473994	132470728				
132474034	132470739				
132474127	132470790				
132474166	132470806				
132474335	132470817				
132474340	132470871				
132474447	132470902				
132474503	132470936				
132474536	132470955				
132474537	132471028				
132474539	132471030				
132474596	132471050				
132474701	132471165				
132474828	132471174				
132474830	132471176				
132474831	132471180				
132474833	132471216				
132474889	132471228				
132474916	132471492				
132474920	132471500				
132474925	132471792				
132474934	132471925				
132474935	132472077				
132474959	132472115				
132475021	132472235				
132475268	132472299				
132475293	132472302				
132475363	132472329				
132475620	132472480				
132475656	132472553				
132475659	132472567				
132475701	132472584				
132475711	132472687				
132475712	132472714				
132475739	132472755				
132475771	132472768				
132475864	132472835				
132475873	132472864				
132475910	132472989				
	132473022				
	132473178				
	132473223				
	132473256				
	132473264				
	132473300				
	132473307				
	132473420				
	132473489				
	132473562				
	132473563				
	132473581				
	132473583				
	132473591				
	132473621				
	132473683				
	132473686				
	132473766				
	132474022				
	132474024				
	132474135				
	132474352				
	132474412				
	132474476				
	132474533				
	132474581				
	132474610				
	132474678				
	132474730				
	132474787				
	132474948				
	132475267				
	132475290				
	132475406				
	132475431				
	132475504				
	132475529				
	132475591				
	132475686				
	132475721				
	132475762				
	132475825				
	132475843				
	132475880				
	132475899				
	132475942				
	35985466				
	35985469				
	35985470				
